# To insert another RCP, simply use the same pattern as below;
# the parser searches for "RCP" then goes until there is a blank line.

# RCP num
  0  	85
# Year  ppm
  1765	277.01467
  1766	277.8388
  1767	278.69351
  1768	278.74752
  1769	278.79644
  1770	278.84896
  1771	278.88421
  1772	278.92512
  1773	278.99387
  1774	279.06906
  1775	279.1513
  1776	279.2424
  1777	279.34214
  1778	279.44672
  1779	279.55094
  1780	279.65007
  1781	279.71846
  1782	279.78173
  1783	279.86798
  1784	279.95858
  1785	280.05821
  1786	280.16952
  1787	280.29117
  1788	280.41905
  1789	280.54845
  1790	280.67599
  1791	280.77766
  1792	280.87905
  1793	281.00453
  1794	281.12966
  1795	281.25415
  1796	281.37816
  1797	281.47794
  1798	281.57703
  1799	281.69873
  1800	281.7953
  1801	281.89146
  1802	281.96434
  1803	282.06097
  1804	282.20419
  1805	282.32288
  1806	282.41845
  1807	282.51428
  1808	282.63057
  1809	282.73903
  1810	282.8364
  1811	282.90004
  1812	282.9574
  1813	283.03571
  1814	283.11463
  1815	283.17382
  1816	283.21462
  1817	283.25897
  1818	283.32685
  1819	283.4149
  1820	283.49758
  1821	283.57508
  1822	283.62677
  1823	283.65484
  1824	283.70645
  1825	283.76004
  1826	283.8156
  1827	283.87272
  1828	283.93097
  1829	284.0128
  1830	283.96219
  1831	283.89979
  1832	283.8817
  1833	283.77007
  1834	283.66423
  1835	283.55955
  1836	283.36933
  1837	283.20262
  1838	283.15294
  1839	283.15861
  1840	283.1704
  1841	283.21078
  1842	283.30585
  1843	283.42935
  1844	283.57864
  1845	283.71288
  1846	283.88515
  1847	284.05105
  1848	284.22002
  1849	284.38831
  1850	284.47783
  1851	284.6785
  1852	284.4941
  1853	284.2542
  1854	284.31698
  1855	284.37752
  1856	284.48655
  1857	284.57144
  1858	284.75751
  1859	284.87162
  1860	284.54001
  1861	283.90984
  1862	284.24023
  1863	284.82703
  1864	284.92869
  1865	284.90678
  1866	284.53849
  1867	284.13273
  1868	284.15643
  1869	284.50991
  1870	284.76049
  1871	284.4221
  1872	283.27687
  1873	282.35666
  1874	282.41152
  1875	282.73787
  1876	283.19648
  1877	283.93288
  1878	284.51148
  1879	284.74683
  1880	284.54128
  1881	284.58021
  1882	285.21573
  1883	285.70213
  1884	286.0759
  1885	286.62046
  1886	287.06145
  1887	287.22534
  1888	286.96157
  1889	286.96533
  1890	287.04595
  1891	286.86678
  1892	286.80077
  1893	286.76394
  1894	286.66071
  1895	286.45183
  1896	286.39693
  1897	286.48722
  1898	286.5877
  1899	286.67626
  1900	286.79938
  1901	286.77043
  1902	286.76808
  1903	286.79694
  1904	286.84493
  1905	287.01406
  1906	287.05312
  1907	287.07137
  1908	287.53578
  1909	288.17921
  1910	288.48048
  1911	288.96295
  1912	289.66408
  1913	290.20208
  1914	290.93296
  1915	291.78371
  1916	292.2385
  1917	292.54437
  1918	292.99248
  1919	293.81347
  1920	294.37098
  1921	294.95151
  1922	295.68377
  1923	295.58615
  1924	295.65484
  1925	296.25067
  1926	296.81103
  1927	297.14059
  1928	297.49651
  1929	297.96527
  1930	298.61802
  1931	299.6497
  1932	300.71564
  1933	301.45026
  1934	301.83497
  1935	302.24383
  1936	302.53336
  1937	302.82266
  1938	303.56161
  1939	304.10605
  1940	304.10083
  1941	303.847
  1942	303.56374
  1943	303.42564
  1944	303.26736
  1945	303.23386
  1946	303.00439
  1947	302.45801
  1948	302.01134
  1949	301.9696
  1950	301.92017
  1951	300.87693
  1952	299.88451
  1953	299.76378
  1954	299.76984
  1955	299.80994
  1956	299.87995
  1957	300.01814
  1958	300.42588
  1959	301.36642
  1960	302.54075
  1961	302.71708
  1962	302.62276
  1963	303.11374
  1964	303.60921
  1965	304.41983
  1966	305.56389
  1967	306.5942
  1968	307.80774
  1969	309.59802
  1970	311.80753
  1971	314.08678
  1972	316.19275
  1973	318.11545
  1974	319.5999
  1975	320.88163
  1976	322.19127
  1977	323.87398
  1978	326.20992
  1979	328.74045
  1980	330.86448
  1981	332.22762
  1982	333.03368
  1983	334.24432
  1984	336.14519
  1985	338.19811
  1986	340.22271
  1987	342.40873
  1988	345.08452
  1989	347.72931
  1990	349.91054
  1991	351.18907
  1992	351.54763
  1993	352.27475
  1994	353.73698
  1995	355.93868
  1996	358.2628
  1997	359.83008
  1998	361.47123
  1999	363.28251
  2000	364.36712
  2001	365.65347
  2002	367.97846
  2003	370.51984
  2004	372.78524
  2005	375.19996
  2006	378.15546
  2007	381.3568
  2008	384.74081
  2009	388.42565
  2010	392.05839
  2011	395.27227
  2012	398.43505
  2013	401.79376
  2014	405.27595
  2015	408.90146
  2016	412.66275
  2017	416.54905
  2018	420.55429
  2019	424.72174
  2020	429.09113
  2021	433.67451
  2022	438.35716
  2023	443.07271
  2024	447.89186
  2025	452.81977
  2026	457.85702
  2027	462.99651
  2028	468.22769
  2029	473.54556
  2030	479.08885
  2031	485.00313
  2032	491.12015
  2033	497.33571
  2034	503.72772
  2035	510.3047
  2036	517.06703
  2037	524.01271
  2038	531.13088
  2039	538.4067
  2040	545.7943
  2041	553.2511
  2042	560.84527
  2043	568.61665
  2044	576.54983
  2045	584.6734
  2046	593.00721
  2047	601.56231
  2048	610.3439
  2049	619.34623
  2050	628.43015
  2051	637.45629
  2052	646.55197
  2053	655.82329
  2054	665.22649
  2055	674.76367
  2056	684.4678
  2057	694.3603
  2058	704.45429
  2059	714.75889
  2060	725.22685
  2061	735.80212
  2062	746.47188
  2063	757.2226
  2064	768.04931
  2065	778.93799
  2066	789.88891
  2067	800.93238
  2068	812.09823
  2069	823.40986
  2070	834.84352
  2071	846.35818
  2072	857.96001
  2073	869.65468
  2074	881.43384
  2075	893.29986
  2076	905.2316
  2077	917.24063
  2078	929.33029
  2079	941.53025
  2080	954.05292
  2081	967.0627
  2082	980.37638
  2083	993.81254
  2084	1007.3762
  2085	1021.0685
  2086	1034.8947
  2087	1048.8033
  2088	1062.8068
  2089	1076.9606
  2090	1091.0723
  2091	1104.9867
  2092	1118.8894
  2093	1132.8854
  2094	1146.9227
  2095	1160.9927
  2096	1175.0915
  2097	1189.2172
  2098	1203.3531
  2099	1217.4831
  2100	1231.4453
  2101	1245.1089
  2102	1258.7118
  2103	1272.3631
  2104	1286.0039
  2105	1299.6449
  2106	1313.2663
  2107	1326.8737
  2108	1340.4348
  2109	1353.9384
  2110	1367.3773
  2111	1380.7579
  2112	1394.1578
  2113	1407.5854
  2114	1421.0553
  2115	1434.5876
  2116	1448.133
  2117	1461.699
  2118	1475.2666
  2119	1488.8007
  2120	1502.3136
  2121	1515.7727
  2122	1529.1849
  2123	1542.6285
  2124	1556.1455
  2125	1569.7242
  2126	1583.3546
  2127	1597.0407
  2128	1610.7759
  2129	1624.4985
  2130	1638.2113
  2131	1651.9101
  2132	1665.5331
  2133	1679.1409
  2134	1692.7983
  2135	1706.5082
  2136	1720.2941
  2137	1734.1745
  2138	1748.1048
  2139	1762.0503
  2140	1776.0164
  2141	1789.9975
  2142	1803.9513
  2143	1817.8432
  2144	1831.7032
  2145	1845.586
  2146	1859.5456
  2147	1873.6069
  2148	1887.7443
  2149	1901.9481
  2150	1916.1945
  2151	1930.4295
  2152	1944.5835
  2153	1958.5733
  2154	1972.3163
  2155	1985.8391
  2156	1999.2677
  2157	2012.6315
  2158	2025.9033
  2159	2039.0912
  2160	2052.1869
  2161	2065.1652
  2162	2078.0071
  2163	2090.7003
  2164	2103.2366
  2165	2115.5215
  2166	2127.5722
  2167	2139.5351
  2168	2151.4334
  2169	2163.2536
  2170	2174.9897
  2171	2186.6278
  2172	2198.1472
  2173	2209.5346
  2174	2220.7839
  2175	2231.8432
  2176	2242.6405
  2177	2253.2131
  2178	2263.6715
  2179	2274.0562
  2180	2284.3744
  2181	2294.6286
  2182	2304.784
  2183	2314.822
  2184	2324.7224
  2185	2334.4378
  2186	2343.9549
  2187	2353.2342
  2188	2362.2827
  2189	2371.1944
  2190	2380.0242
  2191	2388.7933
  2192	2397.4926
  2193	2406.0951
  2194	2414.5607
  2195	2422.8652
  2196	2431.0277
  2197	2438.9634
  2198	2446.6266
  2199	2454.1038
  2200	2461.4344
  2201	2468.6549
  2202	2475.7965
  2203	2482.874
  2204	2489.8594
  2205	2496.7102
  2206	2503.4036
  2207	2509.9279
  2208	2516.2231
  2209	2522.2516
  2210	2528.0934
  2211	2533.7821
  2212	2539.3504
  2213	2544.8533
  2214	2550.2925
  2215	2555.6223
  2216	2560.803
  2217	2565.8282
  2218	2570.7045
  2219	2575.3429
  2220	2579.6811
  2221	2583.815
  2222	2587.8249
  2223	2591.735
  2224	2595.5646
  2225	2599.3154
  2226	2602.9545
  2227	2606.4533
  2228	2609.7912
  2229	2612.9632
  2230	2615.9006
  2231	2618.5816
  2232	2621.0558
  2233	2623.3551
  2234	2625.5485
  2235	2627.6494
  2236	2629.6854
  2237	2631.6429
  2238	2633.4721
  2239	2635.1151
  2240	2636.5467
  2241	2637.8139
  2242	2638.7918
  2243	2639.4925
  2244	2640.093
  2245	2640.609
  2246	2641.0119
  2247	2641.3297
  2248	2641.5642
  2249	2641.667
  2250	2641.6826
  2251	2641.6826
  2252	2641.6826
  2253	2641.6826
  2254	2641.6826
  2255	2641.6826
  2256	2641.6826
  2257	2641.6826
  2258	2641.6826
  2259	2641.6826
  2260	2641.6826
  2261	2641.6826
  2262	2641.6826
  2263	2641.6826
  2264	2641.6826
  2265	2641.6826
  2266	2641.6826
  2267	2641.6826
  2268	2641.6826
  2269	2641.6826
  2270	2641.6826
  2271	2641.6826
  2272	2641.6826
  2273	2641.6826
  2274	2641.6826
  2275	2641.6826
  2276	2641.6826
  2277	2641.6826
  2278	2641.6826
  2279	2641.6826
  2280	2641.6826
  2281	2641.6826
  2282	2641.6826
  2283	2641.6826
  2284	2641.6826
  2285	2641.6826
  2286	2641.6826
  2287	2641.6826
  2288	2641.6826
  2289	2641.6826
  2290	2641.6826
  2291	2641.6826
  2292	2641.6826
  2293	2641.6826
  2294	2641.6826
  2295	2641.6826
  2296	2641.6826
  2297	2641.6826
  2298	2641.6826
  2299	2641.6826
  2300	2641.6826
  2301	2641.6826
  2302	2641.6826
  2303	2641.6826
  2304	2641.6826
  2305	2641.6826
  2306	2641.6826
  2307	2641.6826
  2308	2641.6826
  2309	2641.6826
  2310	2641.6826
  2311	2641.6826
  2312	2641.6826
  2313	2641.6826
  2314	2641.6826
  2315	2641.6826
  2316	2641.6826
  2317	2641.6826
  2318	2641.6826
  2319	2641.6826
  2320	2641.6826
  2321	2641.6826
  2322	2641.6826
  2323	2641.6826
  2324	2641.6826
  2325	2641.6826
  2326	2641.6826
  2327	2641.6826
  2328	2641.6826
  2329	2641.6826
  2330	2641.6826
  2331	2641.6826
  2332	2641.6826
  2333	2641.6826
  2334	2641.6826
  2335	2641.6826
  2336	2641.6826
  2337	2641.6826
  2338	2641.6826
  2339	2641.6826
  2340	2641.6826
  2341	2641.6826
  2342	2641.6826
  2343	2641.6826
  2344	2641.6826
  2345	2641.6826
  2346	2641.6826
  2347	2641.6826
  2348	2641.6826
  2349	2641.6826
  2350	2641.6826
  2351	2641.6826
  2352	2641.6826
  2353	2641.6826
  2354	2641.6826
  2355	2641.6826
  2356	2641.6826
  2357	2641.6826
  2358	2641.6826
  2359	2641.6826
  2360	2641.6826
  2361	2641.6826
  2362	2641.6826
  2363	2641.6826
  2364	2641.6826
  2365	2641.6826
  2366	2641.6826
  2367	2641.6826
  2368	2641.6826
  2369	2641.6826
  2370	2641.6826
  2371	2641.6826
  2372	2641.6826
  2373	2641.6826
  2374	2641.6826
  2375	2641.6826
  2376	2641.6826
  2377	2641.6826
  2378	2641.6826
  2379	2641.6826
  2380	2641.6826
  2381	2641.6826
  2382	2641.6826
  2383	2641.6826
  2384	2641.6826
  2385	2641.6826
  2386	2641.6826
  2387	2641.6826
  2388	2641.6826
  2389	2641.6826
  2390	2641.6826
  2391	2641.6826
  2392	2641.6826
  2393	2641.6826
  2394	2641.6826
  2395	2641.6826
  2396	2641.6826
  2397	2641.6826
  2398	2641.6826
  2399	2641.6826
  2400	2641.6826
  2401	2641.6826
  2402	2641.6826
  2403	2641.6826
  2404	2641.6826
  2405	2641.6826
  2406	2641.6826
  2407	2641.6826
  2408	2641.6826
  2409	2641.6826
  2410	2641.6826
  2411	2641.6826
  2412	2641.6826
  2413	2641.6826
  2414	2641.6826
  2415	2641.6826
  2416	2641.6826
  2417	2641.6826
  2418	2641.6826
  2419	2641.6826
  2420	2641.6826
  2421	2641.6826
  2422	2641.6826
  2423	2641.6826
  2424	2641.6826
  2425	2641.6826
  2426	2641.6826
  2427	2641.6826
  2428	2641.6826
  2429	2641.6826
  2430	2641.6826
  2431	2641.6826
  2432	2641.6826
  2433	2641.6826
  2434	2641.6826
  2435	2641.6826
  2436	2641.6826
  2437	2641.6826
  2438	2641.6826
  2439	2641.6826
  2440	2641.6826
  2441	2641.6826
  2442	2641.6826
  2443	2641.6826
  2444	2641.6826
  2445	2641.6826
  2446	2641.6826
  2447	2641.6826
  2448	2641.6826
  2449	2641.6826
  2450	2641.6826
  2451	2641.6826
  2452	2641.6826
  2453	2641.6826
  2454	2641.6826
  2455	2641.6826
  2456	2641.6826
  2457	2641.6826
  2458	2641.6826
  2459	2641.6826
  2460	2641.6826
  2461	2641.6826
  2462	2641.6826
  2463	2641.6826
  2464	2641.6826
  2465	2641.6826
  2466	2641.6826
  2467	2641.6826
  2468	2641.6826
  2469	2641.6826
  2470	2641.6826
  2471	2641.6826
  2472	2641.6826
  2473	2641.6826
  2474	2641.6826
  2475	2641.6826
  2476	2641.6826
  2477	2641.6826
  2478	2641.6826
  2479	2641.6826
  2480	2641.6826
  2481	2641.6826
  2482	2641.6826
  2483	2641.6826
  2484	2641.6826
  2485	2641.6826
  2486	2641.6826
  2487	2641.6826
  2488	2641.6826
  2489	2641.6826
  2490	2641.6826
  2491	2641.6826
  2492	2641.6826
  2493	2641.6826
  2494	2641.6826
  2495	2641.6826
  2496	2641.6826
  2497	2641.6826
  2498	2641.6826
  2499	2641.6826
  2500	2641.6826
