# weather for site Weather_NCEPCFSR_-52.298--70.313 year = 1985
# DOY Tmax(C) Tmin(C) PPT(cm)
1	17.86	 7.14	 0.41
2	17.06	11.34	 0.84
3	13.04	 9.35	 1.53
4	17.66	 5.66	 0.40
5	15.44	 7.24	 0.36
6	14.26	 9.16	 0.94
7	11.94	 9.16	 0.26
8	15.54	 7.66	 0.10
9	10.76	 6.46	 0.43
10	13.64	 5.44	 0.13
11	14.46	 6.66	 0.02
12	14.44	 5.46	 0.91
13	19.56	 8.94	 1.87
14	14.06	 9.84	 0.10
15	14.66	 4.26	 0.33
16	18.54	 9.54	 0.51
17	19.26	 7.14	 0.02
18	15.16	 9.96	 0.56
19	13.96	 6.54	 0.30
20	14.04	 7.24	 0.07
21	15.55	 6.86	 0.02
22	17.76	 8.74	 0.02
23	19.84	 9.44	 0.16
24	17.35	11.46	 0.13
25	18.46	 7.06	 0.00
26	19.54	 9.05	 0.15
27	21.44	10.44	 0.00
28	18.16	 9.46	 0.07
29	18.14	 3.36	 0.00
30	19.54	 7.45	 0.00
31	20.14	 9.16	 0.00
32	17.84	 6.94	 0.01
33	12.46	 7.04	 0.03
34	14.16	 8.16	 0.06
35	17.66	11.24	 0.07
36	21.84	 9.94	 0.01
37	26.96	 8.36	 0.00
38	18.56	 9.16	 2.27
39	15.35	 7.96	 0.38
40	15.46	 7.26	 0.02
41	21.66	 7.46	 0.00
42	15.15	 9.96	 0.02
43	18.15	 7.85	 0.00
44	15.34	 7.56	 0.03
45	16.35	 8.75	 1.06
46	12.34	 6.46	 0.21
47	11.84	 7.06	 0.21
48	14.44	 7.96	 0.28
49	13.95	 8.36	 0.80
50	 9.65	 6.15	 0.18
51	14.36	 4.36	 0.17
52	16.14	 7.34	 0.31
53	 9.96	 5.45	 0.15
54	11.26	 6.36	 0.34
55	12.14	 8.76	 0.27
56	12.24	 5.96	 0.32
57	11.86	 5.26	 0.21
58	11.46	 8.55	 1.01
59	13.06	 8.05	 0.10
60	13.04	 6.34	 0.31
61	14.54	 3.95	 0.26
62	15.34	10.54	 0.24
63	15.44	 8.56	 0.15
64	10.25	 2.84	 0.30
65	10.65	 5.96	 0.15
66	15.86	 9.06	 0.43
67	15.16	 8.94	 0.00
68	15.54	 8.66	 0.12
69	12.14	 5.66	 0.02
70	10.34	 3.86	 0.10
71	10.64	 5.75	 0.49
72	10.64	 6.14	 0.25
73	 9.54	 5.16	 0.34
74	 9.74	 4.14	 0.07
75	 9.94	 2.64	 0.00
76	10.66	 2.54	 0.00
77	10.44	 5.44	 0.34
78	10.76	 4.84	 0.15
79	10.94	 4.56	 0.00
80	11.45	 4.76	 0.19
81	 9.34	 2.14	 0.02
82	 7.86	 2.76	 0.25
83	12.36	-0.86	 0.00
84	10.86	 0.44	 0.00
85	 9.24	 4.36	 0.28
86	 7.54	 3.06	 0.69
87	 6.05	 1.44	 1.03
88	10.24	 1.54	 0.94
89	 9.54	 7.05	 0.24
90	 8.24	 4.86	 0.21
91	 6.04	 2.16	 0.99
92	 5.54	 0.76	 0.58
93	 8.34	 0.55	 0.23
94	 7.84	 2.14	 0.66
95	 8.35	 0.14	 0.00
96	 8.74	 0.86	 0.01
97	10.14	 3.14	 0.23
98	 8.66	 6.36	 0.49
99	 6.25	 3.44	 0.12
100	11.56	 4.94	 0.42
101	 9.34	 4.44	 0.00
102	 9.86	 4.85	 0.02
103	 8.96	 5.65	 0.27
104	 9.94	 3.65	 0.02
105	 8.25	 2.16	 0.17
106	10.65	 1.36	 0.03
107	 7.64	 3.14	 0.20
108	10.35	 5.24	 0.16
109	10.04	 4.14	 3.49
110	 8.94	 3.74	 1.23
111	11.26	 4.26	 0.13
112	10.36	 7.46	 0.41
113	12.76	 8.26	 1.80
114	12.14	 5.54	 0.05
115	 6.84	 2.54	 0.86
116	 4.94	 1.54	 0.45
117	 6.36	 0.06	 0.27
118	 6.15	 2.56	 0.24
119	 6.64	 0.34	 0.21
120	 6.64	 1.26	 0.20
121	 9.16	 5.66	 0.10
122	 5.66	 3.14	 0.48
123	 7.25	 2.46	 0.31
124	 7.04	 2.54	 0.85
125	 5.95	 2.75	 0.39
126	 3.65	 1.46	 1.02
127	 6.45	 2.55	 0.21
128	 6.74	 2.65	 0.03
129	 3.56	-0.04	 0.59
130	 5.15	 0.56	 0.05
131	 6.15	 2.16	 0.39
132	 5.65	 4.26	 0.20
133	 5.64	 3.76	 0.06
134	 7.84	 3.54	 0.62
135	 7.06	 4.35	 0.69
136	 4.66	 1.66	 0.02
137	 3.55	-0.45	 0.02
138	 2.86	-0.95	 0.13
139	 3.74	-1.24	 0.01
140	 3.34	-1.06	 0.07
141	 1.75	-1.54	 0.02
142	 3.06	 0.16	 0.48
143	 4.84	 0.34	 0.26
144	 4.74	-0.86	 0.00
145	 4.26	-1.34	 0.14
146	 1.34	-0.05	 1.18
147	 4.04	-0.04	 0.17
148	 3.76	 1.14	 0.05
149	 2.34	-1.56	 0.03
150	 2.26	 0.86	 1.03
151	 3.14	 0.76	 0.24
152	 2.95	 0.64	 0.10
153	 2.05	 0.56	 0.22
154	 3.86	 1.46	 0.13
155	 5.55	 2.46	 0.29
156	 4.05	 1.86	 0.31
157	 3.46	 1.44	 0.04
158	 5.26	 0.86	 0.02
159	 4.44	 2.65	 0.10
160	 5.34	 1.94	 0.03
161	 4.24	 1.56	 0.10
162	 2.24	-1.14	 0.13
163	 1.86	-1.96	 0.02
164	 3.36	 1.76	 0.10
165	 1.94	-0.14	 0.07
166	 2.86	-1.14	 0.02
167	 0.84	-1.05	 0.04
168	 0.44	-1.06	 0.05
169	 3.04	-1.16	 0.09
170	 4.64	 1.74	 0.56
171	 4.65	 3.66	 0.41
172	 5.74	 3.94	 0.44
173	 5.06	 1.74	 2.21
174	 5.56	 1.86	 0.10
175	 3.64	 0.06	 0.12
176	 4.14	 0.45	 0.00
177	 2.45	-1.56	 0.02
178	 3.26	 1.06	 0.21
179	 2.44	-0.34	 0.05
180	 2.55	-0.54	 0.10
181	 1.96	-0.66	 0.12
182	 2.76	-1.74	 0.03
183	 5.16	 0.25	 0.59
184	 3.26	-1.34	 0.16
185	 4.06	-0.65	 0.21
186	 3.26	 0.44	 0.30
187	 1.84	-1.14	 0.44
188	 0.74	-0.74	 0.14
189	 1.96	-1.65	 0.05
190	 3.46	 0.75	 0.16
191	 2.34	-0.65	 0.05
192	 1.25	-0.65	 2.19
193	 4.94	 0.76	 0.86
194	 3.24	-0.24	 0.12
195	 2.86	-1.04	 0.03
196	 2.44	-1.56	 0.00
197	 0.74	-3.36	 0.00
198	 3.76	-2.16	 0.00
199	 3.76	 1.15	 0.45
200	 6.65	-0.24	 0.84
201	 7.94	 2.56	 0.21
202	 3.84	-0.36	 0.19
203	 4.34	 0.75	 0.15
204	 5.96	 0.85	 0.16
205	 6.36	 1.96	 0.05
206	 7.64	 4.06	 0.64
207	 7.15	 2.25	 0.01
208	 3.94	-0.54	 0.05
209	 6.26	 3.56	 0.07
210	 5.95	 3.06	 0.06
211	 6.45	 3.94	 0.07
212	 5.76	 1.26	 0.26
213	 2.26	-0.86	 0.52
214	 3.34	-0.96	 0.08
215	 3.94	 0.16	 0.05
216	 4.86	 0.16	 0.07
217	 5.64	 2.84	 0.07
218	 4.66	-0.25	 0.27
219	 4.96	 0.96	 0.13
220	 3.86	-0.14	 0.06
221	 8.04	 3.74	 0.15
222	 6.36	 1.36	 0.54
223	 7.25	 3.94	 0.11
224	 7.44	 2.26	 0.03
225	 5.64	 1.34	 0.39
226	 3.94	 1.46	 0.33
227	 3.86	-1.04	 0.02
228	 2.94	-0.54	 1.30
229	 5.35	 3.06	 0.06
230	 5.96	 0.76	 0.02
231	 5.56	-0.06	 0.02
232	 4.14	-1.14	 0.36
233	 8.54	-0.14	 0.72
234	 5.35	 2.64	 0.09
235	 5.34	 0.96	 0.08
236	 7.36	 2.76	 0.26
237	 8.04	 3.46	 0.21
238	 7.75	 4.55	 0.10
239	 9.84	 3.74	 0.10
240	 7.15	 2.84	 0.26
241	 6.45	 2.16	 0.33
242	 3.84	 0.36	 0.16
243	 5.24	-1.06	 0.07
244	 9.14	 4.36	 0.19
245	 6.96	 2.56	 0.03
246	 5.24	 1.46	 0.12
247	 5.76	-1.65	 0.00
248	 9.96	 2.64	 0.87
249	 7.05	 0.46	 0.11
250	 8.96	 0.75	 0.15
251	 6.56	 0.76	 0.10
252	 4.46	 0.85	 1.15
253	 4.24	-0.24	 0.52
254	 1.36	-3.06	 0.69
255	 3.15	-3.26	 0.16
256	 4.85	 0.75	 0.06
257	 6.56	-0.55	 0.00
258	 9.26	 0.36	 0.03
259	 7.86	 1.54	 0.48
260	 5.96	-0.74	 0.00
261	 7.94	-0.14	 0.00
262	 9.76	 1.05	 0.11
263	 8.05	 4.34	 0.39
264	 8.34	 3.16	 0.20
265	12.66	 3.46	 0.00
266	 8.34	 1.05	 0.50
267	 6.56	 0.24	 0.27
268	 6.44	 3.36	 0.71
269	 8.54	 0.64	 0.07
270	10.74	 4.76	 1.28
271	14.04	 3.36	 0.01
272	10.36	 3.84	 0.80
273	 6.65	 2.66	 0.51
274	 6.44	 1.96	 0.05
275	 7.85	 1.26	 0.02
276	 5.96	 1.64	 0.48
277	 9.76	-0.94	 0.00
278	 7.14	 2.54	 0.30
279	 7.14	 1.14	 0.07
280	11.74	 3.04	 0.00
281	14.56	 1.46	 0.00
282	10.06	 4.35	 0.00
283	 9.74	 3.75	 0.12
284	 6.56	 1.74	 0.11
285	10.66	 0.05	 0.00
286	12.74	 0.36	 0.00
287	11.86	 3.36	 0.03
288	14.96	 2.16	 0.00
289	10.94	 6.16	 0.00
290	 9.04	 3.44	 0.02
291	12.24	-0.04	 0.02
292	 7.04	 4.76	 0.56
293	 9.15	 5.44	 0.21
294	10.06	 7.05	 2.01
295	14.06	 4.76	 0.01
296	15.54	 7.85	 0.16
297	13.15	 6.36	 0.07
298	14.14	 3.96	 0.09
299	 9.94	 3.46	 0.06
300	12.76	 1.26	 0.10
301	12.66	 3.84	 0.40
302	 8.26	 3.15	 0.01
303	12.66	-0.26	 0.00
304	16.44	 2.94	 0.00
305	16.75	 5.34	 0.05
306	16.25	 3.96	 0.00
307	18.34	 5.25	 0.14
308	12.34	 6.16	 0.47
309	14.25	 4.74	 0.30
310	13.75	 4.66	 0.79
311	13.06	 5.66	 1.10
312	12.54	 2.64	 0.76
313	10.06	 3.16	 0.80
314	11.34	 2.94	 0.35
315	11.36	 1.76	 0.51
316	12.86	 1.06	 0.00
317	 9.24	 4.76	 0.56
318	14.84	 6.25	 1.34
319	11.35	 3.16	 0.27
320	 8.34	 5.04	 0.21
321	10.36	 5.76	 0.07
322	10.66	 5.64	 0.04
323	18.15	 5.74	 0.01
324	16.74	 9.95	 0.00
325	11.75	 8.65	 0.05
326	10.74	 8.04	 0.09
327	12.15	 6.94	 0.27
328	 9.66	 5.44	 1.87
329	14.66	 3.84	 0.00
330	17.24	 6.36	 0.00
331	16.04	 9.26	 0.00
332	14.74	 6.14	 0.00
333	13.44	 8.16	 0.06
334	19.66	 4.16	 0.00
335	24.85	 7.84	 0.00
336	18.76	13.16	 0.59
337	13.64	 8.34	 1.14
338	13.74	 3.25	 0.61
339	 9.36	 4.25	 0.16
340	10.86	 4.76	 0.52
341	 9.45	 1.36	 0.57
342	12.74	 3.84	 0.02
343	13.95	 4.84	 0.02
344	 8.55	 3.65	 0.05
345	10.84	 5.85	 0.17
346	15.46	 4.56	 0.16
347	11.26	 6.25	 0.34
348	11.66	 5.26	 0.07
349	14.04	 6.74	 0.10
350	17.06	10.56	 0.03
351	15.94	10.54	 3.35
352	10.46	 4.84	 0.79
353	13.94	 7.56	 0.20
354	12.35	 8.46	 0.18
355	11.45	 5.56	 0.58
356	20.85	 3.86	 0.01
357	14.24	 7.04	 0.12
358	 9.64	 5.64	 0.15
359	17.06	 7.74	 1.32
360	16.86	10.46	 0.17
361	10.66	 5.64	 0.29
362	13.54	 5.65	 0.09
363	17.05	 5.24	 0.00
364	20.56	 7.24	 0.01
365	15.75	 8.84	 0.00
