# weather for site Weather_NCEPCFSR_-52.298--70.313 year = 1986
# DOY Tmax(C) Tmin(C) PPT(cm)
1	20.94	 9.05	 0.05
2	15.74	10.04	 0.08
3	14.04	 7.05	 0.06
4	12.44	 9.15	 0.56
5	15.06	 9.96	 0.08
6	14.36	 7.36	 0.02
7	12.45	 6.05	 0.03
8	12.15	 8.46	 0.32
9	13.16	 6.25	 0.84
10	16.34	 6.56	 0.77
11	12.16	 5.75	 0.30
12	12.06	 5.56	 0.30
13	13.45	 3.46	 0.02
14	18.45	 0.86	 0.00
15	18.66	 6.84	 0.00
16	24.24	 9.96	 0.00
17	20.65	 9.65	 0.35
18	11.76	 7.44	 0.32
19	10.46	 8.94	 0.32
20	14.86	 9.54	 0.21
21	10.54	 7.76	 1.34
22	14.26	 9.04	 0.59
23	11.65	 5.95	 0.03
24	13.36	 5.06	 0.75
25	13.05	 7.05	 0.07
26	11.44	 3.55	 0.68
27	12.55	 3.24	 0.35
28	12.44	 6.16	 0.44
29	 9.66	 4.34	 0.09
30	 9.64	 2.54	 0.07
31	15.35	 3.76	 0.12
32	15.84	 9.56	 0.19
33	15.44	 8.15	 0.21
34	14.96	 9.36	 0.63
35	10.46	 8.14	 0.18
36	11.46	 6.64	 0.87
37	11.76	 5.65	 0.26
38	10.64	 6.04	 0.27
39	11.14	 5.54	 0.21
40	11.56	 3.75	 0.02
41	16.56	 0.65	 0.00
42	20.35	 6.46	 0.71
43	13.84	 8.14	 0.25
44	12.64	 8.76	 0.04
45	14.76	 8.85	 0.23
46	11.45	 7.66	 0.90
47	16.96	 8.44	 0.02
48	13.36	 7.96	 0.35
49	 9.14	 6.16	 0.17
50	 7.06	 3.16	 0.38
51	11.54	 3.05	 0.25
52	12.96	 6.36	 0.05
53	10.14	 4.64	 0.76
54	16.65	 7.44	 0.25
55	12.26	 5.95	 0.16
56	13.26	 3.06	 0.00
57	11.25	 2.86	 0.00
58	11.36	 4.06	 0.37
59	14.55	 2.35	 0.00
60	15.24	 3.94	 0.00
61	11.26	 5.35	 0.12
62	17.24	 6.54	 0.48
63	11.26	 2.96	 2.96
64	10.06	 1.64	 0.59
65	16.04	 7.86	 0.57
66	 8.75	 5.54	 0.21
67	 9.64	 4.86	 0.12
68	 9.14	 2.64	 0.12
69	10.84	 1.34	 0.02
70	10.64	 5.24	 0.91
71	 9.85	 4.66	 0.12
72	 8.16	 3.04	 0.97
73	 9.24	 3.86	 0.08
74	 6.65	 1.44	 0.18
75	 8.14	 3.24	 0.09
76	11.96	 2.75	 0.01
77	13.15	 5.34	 0.00
78	15.36	 6.04	 0.01
79	10.76	 6.36	 0.20
80	 9.66	 4.96	 0.21
81	11.66	 4.84	 0.79
82	10.66	 7.26	 0.03
83	15.56	 7.96	 0.12
84	11.96	 6.44	 0.03
85	12.36	 2.46	 0.07
86	12.84	 8.36	 0.65
87	10.66	 3.86	 0.12
88	15.76	 6.46	 0.03
89	 9.74	 7.46	 0.04
90	13.94	 6.76	 0.02
91	16.26	 4.04	 0.00
92	10.66	 6.76	 0.21
93	 9.46	 3.74	 0.53
94	 5.64	 1.74	 0.46
95	10.04	 3.76	 0.08
96	10.44	 2.56	 0.38
97	 6.14	-0.04	 0.15
98	 7.36	 4.46	 0.21
99	 7.54	 1.54	 0.38
100	 6.36	 3.06	 0.69
101	 4.84	 1.16	 0.30
102	 4.56	 0.15	 0.07
103	 8.46	-1.06	 0.00
104	 5.26	 3.04	 0.89
105	14.26	 4.76	 0.32
106	10.86	 3.24	 0.21
107	 6.75	 2.06	 0.20
108	 6.24	 3.24	 0.11
109	 5.46	 1.75	 0.22
110	 5.76	 0.56	 0.03
111	 4.56	-0.74	 0.02
112	 6.85	-1.96	 0.01
113	10.36	 3.74	 0.01
114	 9.14	 4.55	 0.05
115	 9.96	 5.14	 0.06
116	10.25	 1.96	 0.00
117	 8.36	 2.74	 0.16
118	 7.54	 5.34	 0.35
119	 6.75	 1.16	 0.02
120	 6.15	 2.54	 0.43
121	 4.94	 2.36	 3.29
122	 8.04	 2.74	 1.16
123	 6.16	 2.75	 0.40
124	 5.35	-0.15	 0.09
125	 3.66	 0.34	 0.12
126	 3.35	 0.34	 1.24
127	 0.96	-2.46	 1.03
128	 3.26	-2.44	 0.27
129	 2.74	-1.06	 0.03
130	 2.64	-3.36	 0.12
131	 3.66	-0.76	 1.12
132	 2.54	-0.94	 0.02
133	 3.76	 0.26	 0.20
134	 3.34	 0.75	 0.03
135	 3.86	-1.06	 0.00
136	 7.34	 0.26	 0.16
137	 8.16	 6.14	 0.14
138	 7.04	 4.64	 0.84
139	 8.74	 4.34	 0.16
140	 6.56	 3.64	 0.13
141	 6.46	 5.05	 0.15
142	 6.36	 4.54	 1.19
143	 6.25	 4.64	 0.16
144	 6.34	 2.75	 0.05
145	 5.26	 2.14	 0.48
146	 5.74	 4.35	 2.63
147	 5.36	-2.36	 0.31
148	 0.15	-2.36	 0.12
149	 0.56	-3.96	 0.01
150	 0.44	-2.46	 0.91
151	 1.75	-2.16	 0.02
152	 1.84	-3.04	 0.07
153	 3.44	 0.94	 0.06
154	 2.46	-1.06	 0.02
155	 3.26	-1.94	 0.01
156	 2.56	 0.16	 0.53
157	 5.16	 0.24	 0.10
158	 2.35	-3.64	 0.56
159	 0.14	-3.16	 0.52
160	 1.95	-2.35	 0.27
161	 2.54	-0.84	 0.14
162	 2.86	 0.96	 0.07
163	 1.46	-2.94	 0.04
164	 2.04	-3.54	 0.07
165	 2.25	-0.94	 0.56
166	 1.76	-1.94	 1.37
167	 1.34	-1.54	 0.05
168	 1.94	-1.15	 0.03
169	 3.04	-1.65	 0.01
170	 2.06	-1.46	 0.36
171	 3.64	-1.16	 0.32
172	 4.14	 1.44	 0.07
173	 3.26	 0.45	 1.12
174	 4.94	-0.85	 0.35
175	 1.74	-0.85	 0.02
176	 3.26	-1.05	 0.08
177	 2.54	-2.26	 0.28
178	 3.34	 0.66	 0.30
179	 3.16	-0.25	 0.10
180	 1.14	-0.34	 1.14
181	 3.65	 1.34	 0.03
182	 5.16	-1.26	 0.05
183	 5.24	-1.75	 1.02
184	 1.76	-1.35	 0.12
185	 0.74	-1.34	 0.10
186	 0.35	-3.66	 0.00
187	 1.24	-2.54	 0.00
188	 5.05	 1.05	 0.35
189	 3.76	 1.86	 0.91
190	 5.24	 1.16	 0.05
191	 6.64	 0.84	 0.44
192	 4.35	-1.36	 0.55
193	 2.56	-1.74	 0.44
194	 0.76	-2.65	 0.31
195	 2.35	-2.05	 0.38
196	 3.55	-1.24	 0.07
197	 4.04	 1.44	 0.03
198	 5.54	 2.66	 0.13
199	 6.06	 3.24	 0.19
200	 6.14	 2.34	 0.12
201	 4.36	 1.46	 0.01
202	 8.94	 1.74	 0.12
203	 7.06	 4.66	 1.14
204	 5.94	 1.94	 0.30
205	 5.64	 1.35	 0.05
206	 3.96	 0.76	 0.12
207	 2.34	 0.46	 0.10
208	 0.94	-2.05	 0.00
209	 0.76	-2.24	 0.11
210	 1.64	-1.76	 0.43
211	 0.74	-3.76	 0.08
212	 2.76	-0.06	 0.12
213	 3.24	-1.75	 0.35
214	 2.15	-2.44	 0.23
215	 2.14	-1.74	 0.00
216	 3.96	-2.65	 0.00
217	 2.06	-0.76	 0.58
218	 4.06	 1.06	 0.63
219	 2.14	-0.05	 0.03
220	 3.35	-1.36	 0.00
221	 3.94	-0.96	 0.14
222	 4.25	 0.76	 0.35
223	 5.06	 1.54	 0.07
224	 5.66	 1.14	 0.02
225	 7.24	 3.94	 0.16
226	 5.94	 3.25	 0.03
227	 6.84	 1.74	 0.15
228	 6.84	 1.64	 0.00
229	 6.84	 1.76	 0.08
230	 4.55	-0.24	 0.01
231	 7.06	-0.56	 0.11
232	10.26	 2.05	 0.25
233	 8.04	 0.26	 0.00
234	 6.96	-0.66	 0.09
235	 5.36	-0.25	 0.09
236	 7.06	-0.46	 0.02
237	 6.35	-1.16	 0.17
238	 4.95	 0.16	 0.14
239	 5.24	-0.86	 0.03
240	 6.14	-0.46	 0.12
241	 7.76	 1.04	 0.01
242	 7.35	 2.64	 0.40
243	 5.26	 1.06	 0.05
244	 3.84	-0.36	 0.02
245	 1.64	 0.15	 0.10
246	 5.74	-4.54	 0.16
247	 4.86	-0.04	 0.20
248	 6.14	 1.74	 0.90
249	 8.56	 2.44	 0.32
250	 4.15	-1.44	 0.11
251	 5.74	-1.66	 0.03
252	 5.66	-0.44	 0.16
253	 5.04	-1.26	 0.00
254	 6.84	-2.96	 0.00
255	 6.35	 0.24	 0.02
256	 4.85	-3.15	 0.65
257	 1.34	-3.74	 0.33
258	 5.34	-0.94	 0.08
259	 5.44	-1.36	 0.02
260	 6.26	 1.86	 0.07
261	11.04	 1.66	 0.03
262	11.84	 1.75	 0.02
263	13.85	 2.54	 0.73
264	 9.85	 2.74	 0.05
265	 8.45	 2.84	 0.16
266	 6.94	 3.05	 0.08
267	12.45	 2.64	 0.14
268	 8.65	 3.66	 0.12
269	13.76	 1.84	 0.02
270	16.45	 7.34	 0.00
271	13.04	 6.64	 0.31
272	 6.96	 1.16	 0.29
273	 9.36	 0.04	 0.01
274	 7.34	-0.86	 0.26
275	 6.84	 2.34	 0.10
276	 8.34	-0.76	 0.00
277	 8.74	-0.74	 0.00
278	10.24	 2.36	 0.01
279	12.04	 0.94	 0.00
280	14.55	-0.16	 0.01
281	13.94	 4.56	 0.07
282	12.85	 7.16	 0.07
283	11.45	 5.94	 0.01
284	12.34	 3.36	 0.26
285	13.46	 5.56	 0.00
286	15.25	 5.26	 0.27
287	12.25	 1.84	 0.01
288	13.94	 2.74	 0.66
289	 9.96	 2.56	 0.00
290	14.14	 3.24	 0.29
291	12.14	 8.46	 0.35
292	13.96	 7.14	 0.10
293	10.56	 3.74	 0.05
294	11.04	 3.66	 0.02
295	13.16	 5.64	 0.18
296	13.86	 6.05	 1.33
297	 7.96	 3.16	 0.34
298	11.15	 1.26	 0.00
299	11.45	 0.55	 0.03
300	 8.06	 3.45	 0.08
301	12.76	 3.65	 0.02
302	 8.14	 3.96	 0.18
303	 6.26	 2.05	 0.32
304	10.86	-0.76	 0.01
305	13.64	 3.65	 0.02
306	12.36	 7.16	 0.40
307	10.85	 4.96	 0.23
308	12.44	 5.76	 0.39
309	 6.14	 3.16	 0.39
310	 4.94	 2.84	 1.87
311	 7.25	 2.75	 0.18
312	 7.05	-0.35	 0.40
313	 7.56	 0.64	 0.07
314	11.65	 0.66	 0.02
315	15.16	 7.46	 0.45
316	14.05	 6.96	 1.75
317	11.54	 4.34	 0.14
318	 8.66	 4.36	 0.37
319	13.64	 1.74	 0.02
320	13.76	 5.54	 0.00
321	 9.55	 4.74	 0.16
322	 9.44	 1.04	 0.03
323	11.65	 5.76	 0.01
324	13.55	 4.45	 0.00
325	15.46	 2.56	 0.00
326	 9.35	 7.25	 0.44
327	14.26	 7.66	 1.47
328	13.16	 6.34	 0.20
329	 9.96	 5.94	 0.94
330	11.96	 4.36	 0.31
331	13.94	 2.84	 0.06
332	14.54	 6.24	 0.56
333	11.65	 5.94	 0.02
334	12.14	 5.35	 0.03
335	 9.45	 4.84	 0.37
336	12.35	 6.14	 0.40
337	 8.85	 4.95	 0.23
338	 8.84	 6.24	 0.15
339	10.65	 5.74	 0.07
340	 9.14	 7.86	 0.08
341	11.94	 7.25	 0.08
342	 9.94	 8.06	 0.16
343	12.55	 5.56	 0.07
344	10.56	 5.94	 0.16
345	11.14	 8.56	 0.33
346	10.94	 5.76	 0.08
347	 8.95	 4.64	 0.25
348	 7.94	 2.66	 0.10
349	 8.56	 4.56	 0.44
350	10.66	 5.16	 0.20
351	13.64	 5.16	 0.31
352	14.94	10.24	 0.33
353	12.95	 7.64	 0.33
354	13.56	 3.76	 0.21
355	22.35	 7.64	 0.36
356	15.16	10.16	 0.48
357	12.16	 6.16	 0.15
358	14.75	 1.24	 0.00
359	17.75	 6.56	 0.54
360	22.04	10.86	 0.30
361	19.25	10.14	 0.46
362	18.54	11.26	 1.32
363	11.16	 8.46	 1.94
364	13.85	 5.86	 0.25
365	14.74	 8.66	 0.26
