# weather for site Weather_NCEPCFSR_-52.298--70.313 year = 1993
# DOY Tmax(C) Tmin(C) PPT(cm)
1	22.44	 7.96	 0.00
2	20.46	12.16	 0.03
3	18.64	11.34	 1.69
4	15.76	 7.45	 0.01
5	11.64	 5.96	 0.53
6	14.26	 6.25	 0.79
7	10.94	 3.35	 0.38
8	10.55	 5.55	 0.11
9	11.56	 4.66	 0.40
10	14.44	 7.05	 0.96
11	13.64	 7.64	 0.71
12	11.74	 5.46	 0.21
13	12.64	 4.24	 0.13
14	12.05	 4.14	 0.04
15	11.36	 6.05	 0.03
16	 9.56	 5.25	 0.12
17	11.66	 5.75	 0.10
18	11.95	 6.66	 0.23
19	16.34	 9.14	 0.10
20	15.96	 6.96	 0.66
21	15.04	 5.06	 0.21
22	13.35	 6.66	 1.37
23	12.14	 4.06	 0.73
24	10.65	 2.86	 0.07
25	10.44	 3.74	 0.48
26	14.16	 4.76	 0.65
27	11.44	 6.05	 0.61
28	11.56	 4.46	 0.02
29	15.85	 5.64	 0.49
30	13.24	 4.96	 0.96
31	10.66	 3.24	 0.43
32	11.85	 4.65	 0.56
33	13.94	 8.56	 0.43
34	15.64	 8.66	 0.43
35	11.76	 6.14	 0.06
36	11.44	 5.15	 0.03
37	13.66	 5.76	 0.02
38	14.34	 6.85	 0.20
39	15.76	 8.66	 0.32
40	16.16	 9.65	 0.06
41	16.55	 9.44	 0.12
42	15.05	 9.86	 0.45
43	12.94	 8.55	 0.31
44	13.45	 5.64	 0.15
45	13.86	 5.84	 0.30
46	12.26	 6.76	 1.10
47	12.06	 6.36	 0.20
48	11.15	 5.66	 0.16
49	10.64	 2.84	 0.00
50	11.24	 2.64	 0.00
51	12.24	 3.75	 0.02
52	21.84	 8.24	 0.00
53	22.76	11.26	 0.00
54	10.76	 8.45	 0.79
55	12.86	 8.64	 0.43
56	13.76	10.16	 1.31
57	15.26	 7.06	 0.00
58	12.14	 7.65	 0.16
59	11.34	 8.76	 0.02
60	15.95	 6.36	 0.02
61	15.66	 5.75	 0.00
62	12.46	 7.64	 0.04
63	13.16	 7.56	 0.00
64	15.65	 6.14	 0.00
65	14.16	 9.54	 0.04
66	19.34	 7.06	 0.59
67	12.64	 6.04	 0.12
68	12.36	 7.44	 0.69
69	12.34	 4.54	 0.12
70	 7.34	 4.76	 0.86
71	 9.16	 2.54	 0.13
72	10.06	 3.06	 0.00
73	 8.26	 2.24	 0.01
74	11.75	 2.04	 0.00
75	11.16	 2.86	 0.16
76	 9.65	 7.25	 0.73
77	 8.55	 6.45	 0.53
78	10.56	 4.94	 0.02
79	12.46	 4.06	 0.33
80	13.54	 7.04	 0.45
81	13.44	 6.06	 0.01
82	10.64	 7.46	 2.03
83	13.16	 4.75	 0.28
84	 9.94	 5.04	 0.01
85	 9.44	 5.04	 0.39
86	 8.84	 3.94	 0.04
87	 8.85	 3.54	 0.00
88	12.54	 3.06	 0.01
89	 7.76	 4.86	 1.96
90	 7.06	 2.64	 0.31
91	 3.45	-1.86	 0.40
92	 5.74	 0.36	 0.07
93	 9.55	-0.96	 0.00
94	11.24	 3.24	 0.08
95	12.05	 5.56	 0.07
96	10.64	 4.94	 0.12
97	 7.85	 3.76	 0.19
98	 9.56	 3.96	 1.09
99	 8.24	 3.65	 0.18
100	 8.24	 3.16	 0.01
101	10.94	 2.05	 0.02
102	 7.24	 2.24	 0.18
103	 7.24	 1.56	 0.01
104	 8.46	 2.54	 0.02
105	 8.36	 1.04	 0.15
106	12.24	 7.04	 0.30
107	 9.54	 5.56	 0.23
108	 5.55	 0.94	 0.07
109	 5.16	 2.95	 0.13
110	 6.96	 3.04	 0.00
111	 6.66	 3.14	 0.02
112	 6.55	 0.96	 0.06
113	 7.24	 0.94	 0.30
114	 9.76	 3.86	 0.26
115	 6.04	 2.65	 0.08
116	 6.54	 1.06	 0.28
117	 5.05	 1.44	 0.10
118	 5.24	-1.06	 0.00
119	 6.05	 2.45	 0.40
120	 6.94	-0.06	 0.02
121	 7.34	 0.95	 0.00
122	10.56	 5.04	 0.54
123	 8.85	 5.54	 0.72
124	 6.34	 2.14	 0.02
125	 6.66	 0.95	 0.10
126	 5.84	 2.26	 0.68
127	 4.74	-1.95	 0.00
128	 4.66	-0.84	 0.00
129	 3.66	-0.26	 0.01
130	 4.36	-1.64	 0.02
131	 5.26	-0.05	 0.01
132	 6.25	 2.76	 0.02
133	 7.05	 3.74	 0.02
134	 8.76	 4.84	 0.33
135	 7.74	 4.16	 0.44
136	 4.45	-0.25	 0.06
137	 4.26	-0.84	 0.00
138	 5.86	 0.25	 0.00
139	 5.46	 2.24	 0.35
140	 6.84	 3.26	 1.55
141	 5.44	 0.25	 0.82
142	 4.14	-1.06	 0.16
143	 1.84	-1.66	 0.05
144	 1.46	-2.96	 0.02
145	 1.74	-3.04	 0.00
146	 0.55	-2.66	 0.02
147	 2.44	-3.64	 0.11
148	 4.15	-0.36	 0.12
149	 2.24	-1.84	 0.58
150	 3.35	-2.35	 0.28
151	 3.15	-1.34	 0.05
152	 1.24	-2.54	 0.00
153	 2.36	-3.85	 0.49
154	 1.76	-2.04	 0.16
155	-0.54	-3.26	 0.16
156	 0.35	-4.06	 0.00
157	 0.54	-1.16	 0.02
158	-1.14	-3.46	 0.00
159	-1.34	-5.86	 0.00
160	 0.24	-5.06	 0.00
161	 1.16	-3.65	 0.00
162	 1.46	-2.34	 0.03
163	 1.84	-2.54	 0.82
164	 1.16	-1.85	 0.07
165	 2.84	-2.14	 0.00
166	 4.06	 1.44	 0.03
167	 4.34	 0.94	 0.02
168	 4.05	 1.64	 0.28
169	 3.24	 1.66	 0.44
170	 3.84	 1.15	 0.07
171	 2.14	-1.24	 0.05
172	 2.84	-0.96	 0.03
173	 1.24	-1.06	 0.06
174	 1.76	-0.76	 0.04
175	 2.86	-1.54	 0.03
176	 2.54	-1.25	 0.66
177	 2.14	-0.06	 0.63
178	 2.84	-0.96	 0.02
179	 1.14	-2.54	 0.00
180	 0.54	-3.86	 0.12
181	 0.15	-1.96	 0.21
182	 3.25	-2.04	 0.15
183	 1.76	-0.44	 0.15
184	 1.84	-3.35	 0.12
185	 0.14	-2.96	 0.03
186	-0.64	-4.54	 0.00
187	 3.76	-2.84	 0.51
188	 3.86	 0.66	 0.03
189	 2.14	-0.46	 0.16
190	 2.94	 0.06	 0.00
191	 3.54	-0.24	 0.10
192	 3.94	 0.14	 0.14
193	 5.04	 2.45	 0.01
194	 5.84	 3.16	 0.15
195	 7.33	 4.34	 1.48
196	 5.36	 0.35	 0.02
197	 2.44	-0.05	 0.02
198	 4.95	-0.34	 0.10
199	 0.96	-1.46	 0.48
200	 2.04	 0.25	 1.10
201	 1.66	-1.34	 0.13
202	 3.35	-0.36	 0.02
203	 4.75	 0.24	 0.04
204	 5.56	 1.36	 0.01
205	 4.04	-0.75	 0.00
206	 6.26	 0.85	 0.21
207	 3.54	 0.05	 0.05
208	 5.35	 1.44	 0.16
209	 5.46	 2.65	 0.07
210	 6.14	 2.06	 0.00
211	 4.54	 0.66	 0.01
212	 5.74	 0.64	 0.00
213	 6.94	 0.66	 0.00
214	 4.45	-0.14	 0.05
215	 5.15	-0.66	 0.05
216	 3.64	-1.56	 0.11
217	 4.76	-1.44	 0.02
218	 4.34	 0.04	 0.30
219	 4.06	-1.84	 0.22
220	 2.35	-1.26	 0.77
221	 2.25	-2.25	 0.08
222	 2.46	-1.24	 0.61
223	 7.05	 1.35	 0.73
224	 8.46	 1.65	 0.50
225	 6.96	 1.64	 0.05
226	 4.54	 1.66	 0.30
227	 5.84	 0.74	 0.05
228	 8.24	 3.16	 0.26
229	 7.56	 6.26	 0.16
230	 6.75	 4.16	 0.23
231	 8.15	 0.36	 0.00
232	 8.84	 3.24	 0.12
233	 5.04	 2.74	 0.38
234	 4.35	 1.26	 1.30
235	 5.25	 2.36	 0.21
236	 6.66	 1.26	 0.48
237	 8.46	 1.94	 0.02
238	 7.05	 0.35	 0.12
239	 3.54	-0.26	 0.07
240	 5.24	-1.14	 0.00
241	 7.16	 2.04	 0.15
242	 7.45	 1.64	 0.00
243	 8.86	 2.96	 0.00
244	 5.04	 2.24	 0.75
245	 7.06	 1.46	 0.16
246	 3.56	 0.85	 0.13
247	 6.85	 1.94	 0.62
248	 8.85	 3.85	 0.18
249	 6.76	 1.76	 0.02
250	 5.76	 3.54	 0.56
251	 7.96	 3.74	 0.51
252	 5.55	 0.56	 0.11
253	 8.54	-0.34	 0.02
254	 8.34	 2.05	 0.25
255	10.76	 4.46	 0.48
256	 7.74	 4.15	 0.02
257	 6.56	 3.05	 0.32
258	 4.24	-0.46	 0.03
259	 7.15	-1.44	 0.00
260	10.75	 0.24	 0.20
261	 6.76	 1.24	 0.21
262	 6.66	 2.86	 0.19
263	 6.86	-0.44	 0.01
264	 9.86	 2.04	 0.02
265	11.54	 5.04	 0.03
266	 8.06	 5.25	 0.08
267	12.14	 3.14	 0.03
268	 7.56	 3.64	 0.33
269	 6.36	 1.54	 0.05
270	 4.66	 0.16	 0.36
271	 6.84	 3.35	 0.16
272	 9.16	 3.26	 0.08
273	 9.24	 4.96	 0.01
274	 8.94	 3.75	 0.07
275	10.84	 5.64	 0.26
276	 8.36	 4.45	 0.10
277	13.76	 3.56	 0.07
278	14.06	 6.54	 0.46
279	14.36	 7.94	 0.85
280	10.04	 4.64	 0.23
281	 9.04	 3.14	 0.10
282	 9.65	 5.15	 0.07
283	12.44	 6.54	 0.05
284	 8.56	 2.06	 0.86
285	 8.94	 2.26	 0.08
286	11.74	 5.86	 1.12
287	11.15	 3.85	 0.15
288	 4.44	 0.76	 0.74
289	 7.46	-1.56	 0.01
290	 6.54	-1.44	 0.00
291	 8.84	 0.14	 0.03
292	 8.04	 3.66	 0.07
293	 7.45	 3.05	 0.05
294	 7.64	 4.55	 0.07
295	13.16	 3.15	 0.01
296	 9.44	 2.56	 0.02
297	11.75	 4.55	 0.03
298	13.64	 3.76	 0.01
299	17.34	 3.24	 0.00
300	11.54	 5.66	 0.13
301	14.64	 7.14	 0.07
302	16.96	 6.25	 0.00
303	14.75	 8.36	 0.03
304	11.75	 5.04	 0.00
305	 9.96	 3.54	 0.07
306	 8.26	 1.94	 0.51
307	 8.76	 3.86	 1.09
308	11.15	 3.54	 0.02
309	17.85	 2.74	 0.20
310	12.14	 5.35	 0.02
311	13.76	 5.36	 0.16
312	13.36	 3.16	 0.21
313	10.04	 3.45	 0.05
314	15.06	 3.54	 0.00
315	11.95	 4.54	 0.26
316	 8.45	 1.44	 0.10
317	10.54	 7.06	 0.03
318	15.96	 5.24	 0.00
319	 9.64	 4.76	 0.36
320	15.55	 5.34	 0.01
321	19.56	10.45	 0.09
322	15.36	 9.24	 1.09
323	13.74	 3.74	 0.37
324	 9.84	 4.25	 0.12
325	 9.76	 3.86	 0.20
326	13.36	 5.94	 0.00
327	17.85	 3.85	 0.00
328	20.26	 5.16	 0.00
329	14.16	 7.16	 0.30
330	13.04	 6.36	 0.07
331	14.64	 3.86	 0.33
332	13.74	 5.56	 1.05
333	 9.24	 4.06	 0.59
334	13.06	-0.16	 0.08
335	10.14	 6.56	 0.66
336	10.25	 5.16	 0.34
337	 7.86	 1.16	 0.35
338	 9.34	 2.86	 0.63
339	 9.44	 4.55	 0.53
340	12.15	 4.86	 0.26
341	 8.54	 5.36	 0.25
342	 8.64	-0.56	 0.77
343	11.26	 3.24	 0.50
344	14.46	 5.56	 1.24
345	12.14	 4.84	 0.35
346	11.54	 3.85	 0.08
347	11.74	 4.54	 0.45
348	12.56	 4.95	 0.16
349	12.45	 6.96	 0.05
350	10.96	 8.34	 0.20
351	 9.24	 5.84	 0.46
352	 7.74	 2.94	 0.11
353	13.95	 3.74	 0.03
354	18.14	 7.86	 0.03
355	17.35	 9.14	 1.45
356	20.05	10.74	 0.88
357	15.44	 8.76	 1.12
358	12.86	 6.84	 1.35
359	13.04	 6.64	 0.21
360	10.55	 5.55	 2.13
361	11.35	 2.84	 0.20
362	12.04	 7.76	 0.23
363	11.26	 6.84	 0.08
364	11.76	 6.46	 0.03
365	12.66	 5.25	 0.00
