# weather for site Weather_NCEPCFSR_-52.298--70.313 year = 2007
# DOY Tmax(C) Tmin(C) PPT(cm)
1	10.15	 4.76	 1.27
2	 8.14	 6.45	 0.22
3	 9.44	 5.15	 0.41
4	 8.76	 5.44	 0.13
5	 8.84	 5.84	 0.09
6	15.74	 6.66	 0.07
7	21.06	 8.96	 0.02
8	17.05	11.85	 0.16
9	13.35	 8.34	 1.88
10	12.54	 6.14	 0.09
11	13.86	 7.36	 0.30
12	10.26	 6.16	 0.36
13	10.46	 5.76	 0.04
14	12.66	 6.85	 0.07
15	16.96	 2.64	 0.02
16	12.35	 7.34	 0.37
17	 8.85	 5.76	 0.12
18	11.66	 5.06	 0.12
19	17.24	 4.96	 0.26
20	22.95	 8.56	 0.00
21	18.44	10.16	 0.23
22	16.85	 9.56	 0.08
23	12.26	10.15	 1.78
24	16.26	 9.74	 1.57
25	18.26	11.46	 0.76
26	14.74	10.44	 2.16
27	18.56	 6.76	 0.00
28	16.96	 9.66	 0.48
29	13.95	 8.04	 0.38
30	11.74	 6.45	 0.49
31	11.66	 5.36	 0.61
32	13.05	 9.04	 0.47
33	13.55	 7.46	 0.07
34	11.66	 6.94	 0.99
35	12.16	 5.04	 0.30
36	11.15	 6.44	 0.63
37	 7.46	 4.54	 0.34
38	10.34	 3.24	 0.17
39	 7.94	 6.24	 0.35
40	12.25	 6.66	 0.25
41	18.76	 9.66	 0.02
42	22.84	 9.26	 0.00
43	16.04	 9.64	 0.12
44	11.56	 5.75	 0.08
45	16.36	 6.34	 0.24
46	15.56	 6.76	 0.00
47	10.14	 6.44	 0.14
48	 7.96	 7.04	 0.30
49	 8.16	 5.85	 0.36
50	13.05	 5.56	 0.04
51	12.86	 6.35	 0.57
52	13.64	 3.36	 0.06
53	14.46	 8.44	 0.05
54	11.44	 9.36	 1.65
55	12.36	 8.24	 0.10
56	 8.55	 4.66	 0.08
57	 9.65	 4.96	 0.19
58	 7.14	 3.24	 0.49
59	 8.04	 2.86	 0.58
60	 7.74	 2.94	 0.17
61	 9.24	 4.94	 0.18
62	10.94	 6.36	 0.95
63	 9.94	 7.44	 1.25
64	 8.16	 2.04	 0.63
65	10.65	-0.66	 0.00
66	11.54	 0.94	 0.00
67	13.56	 2.34	 0.03
68	17.15	 7.54	 0.51
69	12.36	 8.55	 0.88
70	12.86	 6.76	 0.03
71	 9.36	 6.96	 0.02
72	12.46	 5.76	 0.03
73	15.64	 5.74	 0.00
74	18.35	 7.54	 0.00
75	17.84	 8.66	 0.11
76	14.84	 9.64	 0.07
77	12.96	 6.25	 0.35
78	 8.05	 6.66	 0.41
79	10.35	 7.85	 0.16
80	10.15	 6.55	 0.21
81	10.24	 6.55	 0.82
82	 9.26	 5.54	 0.54
83	12.34	 6.34	 0.85
84	11.04	 6.54	 0.65
85	 8.55	 5.26	 0.18
86	11.24	 5.74	 0.14
87	14.84	11.24	 0.01
88	11.26	 6.86	 0.17
89	 9.74	 5.65	 0.59
90	13.05	 7.34	 0.12
91	14.36	10.34	 0.16
92	12.36	 4.64	 0.23
93	12.46	 6.94	 0.24
94	16.76	 9.24	 0.02
95	14.36	11.06	 2.81
96	12.15	 7.05	 0.02
97	 7.86	 3.96	 0.02
98	 9.86	 2.06	 0.02
99	 7.54	 3.06	 0.21
100	 9.04	 1.24	 0.57
101	 6.84	 1.75	 0.00
102	 7.35	 1.04	 0.46
103	 7.56	 1.64	 0.10
104	 7.56	 1.75	 0.16
105	 7.04	 2.36	 0.42
106	 5.66	 1.46	 2.70
107	 5.84	 0.76	 0.06
108	 4.76	 2.04	 0.87
109	 6.76	 2.84	 0.14
110	 5.55	 3.24	 0.77
111	 7.65	 5.26	 0.11
112	 8.46	 3.34	 0.02
113	 4.24	 1.26	 0.21
114	 6.64	 1.75	 0.50
115	 6.56	 5.04	 0.30
116	 8.06	 3.96	 0.24
117	10.15	 7.96	 0.17
118	 9.96	 5.35	 0.07
119	 5.66	 0.96	 0.22
120	 2.16	-1.35	 0.08
121	 3.16	-1.76	 0.43
122	 3.34	 2.04	 0.91
123	 5.16	 1.76	 0.04
124	 2.24	-0.96	 0.20
125	 4.25	-0.36	 0.03
126	 5.24	 0.15	 0.20
127	 4.46	 1.04	 0.21
128	 6.66	 2.26	 0.31
129	 6.06	 4.36	 2.50
130	 5.94	 1.64	 0.15
131	 6.64	 2.15	 0.00
132	 5.44	 0.44	 0.00
133	 2.15	-0.25	 0.02
134	 4.24	 0.16	 0.33
135	 3.14	 0.34	 0.28
136	 4.36	-1.24	 0.41
137	 5.24	 2.74	 0.36
138	 8.24	 4.86	 0.51
139	 6.44	 2.54	 0.32
140	 6.84	 2.04	 0.05
141	 4.64	 1.86	 0.49
142	 6.56	 2.86	 0.17
143	10.65	 2.76	 0.03
144	10.64	 4.16	 0.07
145	 4.86	 1.54	 0.16
146	 3.25	 1.06	 0.12
147	 1.34	-2.55	 0.00
148	 2.45	-2.36	 0.00
149	 1.95	-4.16	 0.00
150	 3.26	-2.95	 0.00
151	 2.74	-0.15	 0.57
152	 4.84	 0.25	 0.68
153	 7.76	 4.36	 0.44
154	10.35	 4.66	 0.34
155	 8.46	 4.14	 0.06
156	 5.76	 2.56	 0.20
157	 3.86	-0.24	 0.04
158	 3.16	-1.24	 0.49
159	 1.64	-0.75	 0.73
160	 1.35	-2.04	 0.02
161	 2.04	-0.26	 0.05
162	 1.96	-1.16	 0.23
163	 0.46	-3.06	 0.04
164	 3.26	-2.24	 0.10
165	 3.66	 0.76	 0.05
166	 3.26	-0.55	 0.09
167	 3.26	-1.74	 0.02
168	 4.86	 1.36	 0.10
169	 4.86	 2.34	 0.20
170	 3.55	-0.64	 0.10
171	 1.45	-1.66	 0.01
172	 2.34	-2.16	 0.01
173	 0.05	-2.56	 0.03
174	 1.24	-3.26	 0.07
175	 6.24	-1.46	 0.74
176	 4.66	 2.05	 0.81
177	 3.54	 2.04	 1.05
178	 5.26	 0.76	 0.02
179	 3.44	 1.74	 0.65
180	 3.94	 0.66	 0.02
181	 3.44	 0.84	 0.07
182	 1.96	-1.46	 0.03
183	 3.25	-3.36	 0.05
184	 3.44	-0.86	 0.74
185	 0.34	-3.76	 0.38
186	 0.26	-3.84	 0.02
187	 0.24	-2.94	 0.08
188	 1.44	-0.46	 0.23
189	 2.54	 0.55	 0.05
190	 5.26	 1.74	 0.07
191	 4.56	 3.15	 0.13
192	 3.36	 1.05	 0.21
193	 1.56	-0.86	 0.07
194	 0.74	-1.75	 0.02
195	 4.04	-1.64	 0.00
196	 3.05	-0.16	 0.29
197	 4.46	 0.04	 0.04
198	 1.56	-1.04	 0.21
199	 0.66	-0.86	 1.17
200	 3.74	-0.75	 0.27
201	 3.84	-0.16	 0.30
202	 1.44	-0.74	 0.24
203	 3.05	-0.24	 0.26
204	 2.84	 0.66	 0.07
205	 3.96	-0.66	 0.31
206	 2.54	-1.25	 0.14
207	 1.45	-1.44	 0.10
208	 1.46	-2.76	 0.00
209	 7.56	 1.14	 0.00
210	 7.64	 3.74	 0.82
211	 4.86	 0.96	 0.01
212	 3.25	 0.66	 0.02
213	 5.56	 1.55	 0.02
214	 5.15	 1.04	 0.02
215	 2.86	 0.56	 0.70
216	 4.54	 0.36	 0.01
217	 5.35	-0.46	 0.06
218	 6.04	-0.84	 0.48
219	 3.26	-1.44	 0.21
220	 4.26	-0.54	 0.03
221	 3.86	-0.86	 0.02
222	 4.06	-0.26	 1.00
223	 1.94	-2.96	 0.46
224	 2.95	 1.36	 1.08
225	 3.84	-0.14	 0.06
226	 2.45	-0.64	 0.01
227	 3.16	-0.06	 0.07
228	 3.26	-1.36	 0.01
229	 6.24	-1.16	 0.00
230	 6.54	-1.26	 0.00
231	 8.55	 0.15	 0.04
232	 7.35	-0.14	 0.00
233	 5.76	 1.26	 0.05
234	 4.36	-0.16	 0.23
235	 4.94	 0.66	 0.02
236	 5.06	 1.56	 0.03
237	 5.54	 3.06	 0.11
238	 5.04	 0.94	 0.86
239	 5.66	 2.85	 0.29
240	 6.65	 2.54	 0.14
241	 8.76	 4.44	 0.42
242	 9.14	 3.04	 0.13
243	 6.54	 2.55	 0.30
244	 6.86	 4.45	 1.45
245	 8.44	 3.86	 0.50
246	 7.55	 2.76	 0.89
247	 7.35	 2.76	 0.34
248	 4.66	-0.66	 0.06
249	 8.05	-0.54	 0.03
250	 4.26	 0.14	 0.04
251	 5.74	 3.14	 0.30
252	 4.64	 1.54	 1.08
253	 5.45	 2.84	 0.26
254	 4.64	 3.06	 0.07
255	 6.86	-0.74	 0.07
256	 6.94	 1.86	 0.02
257	 7.86	 0.54	 0.02
258	 8.94	 2.84	 0.02
259	11.76	 1.06	 0.00
260	12.44	 1.35	 0.00
261	13.04	 1.94	 0.10
262	11.16	 2.75	 0.02
263	10.65	 1.74	 0.21
264	 5.94	 1.34	 0.43
265	 6.76	-0.15	 0.05
266	 7.24	 0.75	 0.07
267	12.34	 3.25	 0.00
268	12.76	 6.36	 0.03
269	 8.06	 2.94	 0.02
270	 6.56	 3.76	 0.06
271	11.04	 4.25	 0.05
272	10.45	 6.24	 0.16
273	16.66	 5.66	 0.86
274	 8.15	 3.94	 0.15
275	 9.54	-0.04	 0.22
276	13.44	 1.25	 0.12
277	 9.94	 0.45	 0.03
278	 8.56	 1.96	 0.47
279	 7.84	 2.25	 0.05
280	 6.86	 3.05	 0.07
281	 7.84	 0.76	 0.06
282	 7.46	-0.36	 0.00
283	10.66	-1.06	 0.00
284	12.14	 2.55	 0.09
285	13.05	 5.26	 0.02
286	10.76	 5.06	 0.13
287	14.75	 7.74	 0.12
288	 9.44	 3.95	 0.21
289	 7.46	 2.04	 1.10
290	 5.46	 2.26	 0.46
291	 8.64	 2.65	 0.12
292	11.34	 3.44	 0.68
293	11.15	 6.44	 0.16
294	11.54	 4.34	 0.42
295	10.36	 6.26	 0.51
296	15.06	 4.36	 0.15
297	14.46	 4.36	 0.63
298	10.25	 6.04	 0.04
299	10.76	 3.74	 0.31
300	 6.06	 0.16	 0.37
301	 6.55	-0.36	 0.02
302	 7.06	 1.44	 0.10
303	 8.16	 1.76	 0.14
304	 8.24	 2.36	 0.17
305	 9.06	 5.24	 0.21
306	 8.36	 0.95	 0.43
307	 7.54	 0.56	 0.03
308	 8.64	 1.35	 0.47
309	 7.36	 4.66	 0.33
310	 9.05	 4.16	 0.14
311	 9.94	 3.26	 0.34
312	 7.56	 1.76	 0.46
313	 7.54	 1.24	 0.21
314	 8.06	 2.36	 0.22
315	 7.36	 2.95	 0.43
316	 7.85	 0.14	 0.14
317	10.26	 1.06	 0.00
318	10.65	 3.64	 0.41
319	10.56	 5.25	 0.71
320	10.36	 4.96	 0.50
321	 8.96	 2.06	 0.27
322	 9.66	 4.54	 0.15
323	 9.24	 4.15	 0.21
324	14.16	 7.26	 0.07
325	14.75	 6.55	 0.00
326	10.65	 5.36	 0.02
327	17.46	 2.04	 0.00
328	12.66	 5.56	 0.20
329	 9.04	 4.54	 0.37
330	12.84	 5.66	 0.07
331	12.76	 5.45	 0.06
332	15.85	 3.56	 0.13
333	21.94	 5.46	 0.92
334	17.36	 5.84	 0.20
335	14.94	 5.94	 0.09
336	11.36	 6.45	 0.07
337	10.36	 1.86	 0.17
338	 7.74	 2.64	 0.14
339	10.75	 2.24	 0.94
340	11.65	 6.86	 0.14
341	 9.96	 3.55	 0.57
342	 8.34	 3.04	 1.29
343	 8.06	 4.24	 0.54
344	10.24	 3.54	 0.05
345	11.06	 6.34	 0.30
346	10.75	 7.34	 0.09
347	14.74	 4.34	 0.01
348	11.46	 5.65	 0.04
349	14.34	 5.75	 0.02
350	13.96	 9.46	 1.30
351	17.26	 9.64	 0.15
352	16.14	10.26	 2.20
353	14.64	 8.56	 0.49
354	11.24	 4.44	 0.40
355	11.05	 6.74	 0.07
356	12.64	 7.95	 0.07
357	11.96	 5.65	 0.11
358	20.24	10.44	 0.05
359	14.84	 7.46	 0.01
360	19.04	 5.75	 0.40
361	15.94	10.34	 0.00
362	17.04	 8.86	 0.63
363	17.06	 5.04	 0.86
364	11.64	 5.66	 0.14
365	13.54	 6.56	 0.21
