# weather for site Weather_NCEPCFSR_-52.298--70.313 year = 2001
# DOY Tmax(C) Tmin(C) PPT(cm)
1	11.86	 5.74	 1.46
2	12.56	 9.14	 0.19
3	11.56	 8.26	 0.21
4	10.24	 4.46	 1.01
5	14.96	 7.64	 0.68
6	16.36	 5.15	 0.16
7	15.24	 7.14	 0.94
8	12.96	 5.94	 0.05
9	11.34	 3.66	 0.18
10	 9.46	 2.65	 0.10
11	13.34	 5.06	 0.83
12	11.96	 8.04	 0.87
13	10.96	 6.46	 0.37
14	14.36	 5.84	 0.26
15	12.16	 8.25	 0.27
16	11.36	 5.76	 0.44
17	10.04	 3.94	 0.31
18	10.54	 5.24	 0.50
19	16.34	 7.35	 0.00
20	12.75	 6.54	 0.36
21	15.16	 7.04	 0.16
22	12.84	 8.76	 0.19
23	12.04	 7.24	 0.68
24	12.46	 7.26	 0.50
25	 9.46	 7.44	 0.16
26	12.96	 6.55	 0.25
27	14.14	 7.05	 0.03
28	12.66	 5.35	 0.67
29	14.26	 8.44	 1.12
30	14.14	 4.34	 0.10
31	11.76	 5.56	 0.43
32	11.06	 5.86	 0.63
33	 9.36	 3.84	 0.15
34	 8.54	 3.26	 0.21
35	14.74	 4.34	 0.68
36	11.06	 3.66	 0.45
37	10.56	 5.15	 0.31
38	14.24	 7.96	 0.22
39	11.96	 8.85	 2.61
40	11.64	 5.56	 0.74
41	10.45	 5.66	 0.07
42	10.64	 4.84	 0.23
43	12.14	10.06	 0.21
44	14.34	10.04	 0.11
45	10.86	 7.96	 0.40
46	12.86	 7.06	 0.36
47	12.06	 7.55	 0.57
48	11.24	 5.95	 0.41
49	10.54	 5.24	 0.21
50	14.76	 6.36	 0.46
51	11.16	 6.86	 0.38
52	 8.16	 5.34	 0.40
53	 9.76	 5.85	 0.17
54	10.95	 5.95	 0.06
55	14.04	 4.55	 0.00
56	16.34	 8.04	 0.80
57	16.05	 8.54	 0.52
58	13.36	 6.15	 0.38
59	13.46	 7.04	 0.02
60	10.55	 3.34	 0.20
61	 8.46	 3.44	 0.02
62	13.26	 3.06	 0.12
63	 9.56	 3.95	 0.15
64	 9.65	 4.36	 0.82
65	 8.26	 2.56	 0.63
66	12.55	 3.75	 0.59
67	11.26	 2.86	 0.13
68	 8.86	 1.06	 0.05
69	 9.84	 4.16	 0.11
70	10.26	 2.44	 0.00
71	11.96	 1.65	 0.00
72	14.76	 3.85	 0.03
73	 8.64	 4.74	 0.02
74	10.74	 4.05	 0.12
75	15.45	 4.16	 0.20
76	 7.64	 3.76	 0.12
77	 7.86	 2.56	 0.24
78	 6.46	 4.36	 0.91
79	 6.74	 4.36	 0.05
80	 9.74	 5.16	 0.05
81	10.75	 3.36	 0.00
82	13.64	 7.45	 0.02
83	13.44	 8.85	 0.00
84	12.16	 7.24	 0.01
85	14.35	 7.26	 0.07
86	11.04	 4.14	 0.12
87	10.86	 4.76	 0.10
88	12.35	 3.64	 0.18
89	15.46	 6.54	 0.25
90	 8.44	 2.04	 0.02
91	 8.15	 0.76	 0.00
92	 5.86	-0.55	 0.02
93	 9.64	-0.84	 0.21
94	 8.95	 6.65	 0.12
95	10.56	 5.44	 0.61
96	11.06	 4.76	 0.45
97	10.16	 4.66	 0.03
98	15.16	 7.24	 0.01
99	10.96	 4.64	 0.04
100	 5.76	 2.84	 0.12
101	 7.25	 2.25	 0.49
102	 8.56	 5.66	 0.07
103	10.44	 6.04	 0.02
104	 7.54	 5.56	 0.22
105	 8.24	 4.66	 0.77
106	 9.15	 6.35	 0.01
107	10.04	 4.14	 0.00
108	12.04	 2.45	 0.00
109	11.05	 4.74	 0.08
110	 7.96	 3.94	 0.20
111	 4.34	 1.96	 1.74
112	 5.66	 2.34	 0.26
113	 5.25	 2.76	 0.30
114	 6.95	 2.26	 0.72
115	 7.25	 2.94	 0.21
116	 5.56	 3.84	 0.26
117	 5.14	 2.14	 0.07
118	 9.26	 3.94	 0.07
119	12.44	 7.06	 0.01
120	 9.04	 5.76	 0.10
121	 6.54	 3.06	 0.08
122	 8.05	 4.24	 0.07
123	 8.54	 2.26	 0.93
124	 9.05	 6.96	 1.34
125	 8.64	 5.84	 1.79
126	 9.34	 4.54	 0.02
127	 4.66	 0.85	 0.02
128	 6.65	 1.24	 0.07
129	 7.14	 4.16	 0.23
130	 4.26	 0.15	 0.02
131	 6.34	-0.34	 0.05
132	 6.04	-0.46	 0.00
133	 4.34	 0.46	 0.07
134	 3.94	 0.74	 0.02
135	 6.36	 1.26	 0.02
136	 4.66	 1.74	 0.10
137	 4.64	 0.16	 0.49
138	 4.66	-0.86	 0.05
139	 4.16	 1.46	 0.51
140	 4.25	 1.16	 0.08
141	 5.44	 0.54	 0.20
142	 3.94	-0.56	 0.09
143	 4.64	 0.04	 0.08
144	 3.35	 0.24	 0.87
145	 3.16	 0.14	 0.02
146	 3.16	-0.75	 0.02
147	 3.16	-1.44	 0.05
148	 1.66	-2.95	 0.11
149	 3.54	-2.24	 0.01
150	 2.34	-1.84	 0.07
151	 3.65	-1.46	 0.24
152	 2.96	 0.36	 0.35
153	 1.06	-1.24	 0.05
154	 3.04	-1.56	 0.24
155	 1.54	-2.36	 0.01
156	 0.25	-3.66	 0.00
157	 0.34	-3.66	 0.21
158	 2.64	-1.96	 0.70
159	 3.64	 0.04	 0.02
160	 3.05	 0.86	 0.07
161	 2.84	-0.54	 0.03
162	 3.24	-1.54	 0.00
163	 3.24	-1.34	 0.00
164	 3.06	-0.24	 0.09
165	 4.56	 2.04	 0.27
166	 3.24	 1.16	 0.16
167	 4.64	 1.94	 0.02
168	 3.05	-0.46	 0.02
169	 5.94	-0.15	 0.07
170	 4.94	 2.66	 0.06
171	 4.34	 1.06	 0.02
172	 5.54	-0.36	 0.04
173	 4.96	 1.34	 0.03
174	 1.24	-2.96	 0.02
175	 5.64	-1.34	 1.17
176	 5.76	 2.84	 0.12
177	 4.74	 2.76	 0.44
178	 5.64	 1.96	 1.26
179	 5.54	 1.64	 0.00
180	 2.46	-2.05	 0.00
181	 2.04	-1.25	 0.05
182	 3.65	-0.15	 0.02
183	 2.66	-0.74	 0.06
184	 3.96	 0.34	 0.25
185	 1.96	-0.56	 0.08
186	 1.35	-0.75	 0.03
187	 1.25	-1.15	 0.19
188	 0.46	-2.94	 0.12
189	 0.15	-3.05	 0.08
190	 0.74	-0.76	 0.87
191	 0.74	-2.14	 0.15
192	-0.46	-3.66	 0.00
193	-1.45	-6.34	 0.00
194	 0.84	-3.55	 0.12
195	 1.25	-1.75	 0.15
196	 0.66	-2.24	 0.21
197	 1.54	-1.16	 0.04
198	-0.04	-1.75	 0.22
199	-1.24	-6.34	 0.06
200	-0.85	-3.25	 0.05
201	 0.44	-3.45	 0.02
202	 0.14	-2.54	 0.02
203	 1.06	-0.64	 0.10
204	-0.44	-6.74	 0.04
205	 0.74	-8.16	 0.00
206	 1.16	-2.15	 0.17
207	 3.44	-1.34	 0.00
208	 1.36	 0.06	 0.97
209	 1.86	-0.05	 0.27
210	 2.35	 1.16	 0.55
211	 3.65	-0.36	 0.00
212	 1.26	-1.74	 0.07
213	 1.26	-1.45	 0.29
214	 2.35	-0.94	 0.53
215	 4.14	 0.56	 0.02
216	 1.66	-2.26	 0.00
217	 3.25	-2.76	 0.01
218	 2.05	-0.14	 0.49
219	 1.14	-1.86	 1.14
220	 1.14	-1.46	 0.07
221	 1.46	-4.15	 0.00
222	 1.25	-1.24	 0.07
223	 0.66	-4.55	 0.02
224	 3.74	-2.74	 0.03
225	 2.24	 0.16	 0.29
226	 5.14	-1.16	 0.03
227	 4.15	-1.16	 0.00
228	 6.76	 1.56	 0.05
229	 6.96	 2.85	 0.07
230	 4.84	-1.66	 0.02
231	 6.66	-2.26	 0.11
232	11.18	 1.54	 0.47
233	 5.84	-0.05	 0.00
234	 3.75	 0.54	 0.38
235	 3.76	 0.04	 0.19
236	 4.25	-1.15	 0.00
237	 5.26	-3.14	 0.02
238	 2.55	 0.35	 1.05
239	 4.74	 0.04	 0.03
240	 4.96	-1.46	 0.01
241	 4.56	-2.06	 0.00
242	 6.44	-1.26	 0.02
243	 4.14	-1.05	 0.02
244	 4.94	-1.34	 0.19
245	 5.96	 0.74	 0.06
246	 4.44	 2.96	 0.16
247	 9.65	 3.34	 0.02
248	 8.45	 0.74	 0.00
249	 6.94	-0.36	 0.02
250	 7.34	-1.25	 0.00
251	 4.95	-0.55	 0.05
252	 6.66	 1.35	 0.35
253	 3.94	-1.45	 0.56
254	 3.34	-0.44	 0.65
255	 3.44	 1.36	 1.31
256	 6.66	 2.85	 0.15
257	 5.66	 0.46	 0.08
258	 9.56	-1.44	 0.03
259	 5.04	 0.94	 0.40
260	10.95	 0.34	 0.19
261	 8.36	 1.84	 1.53
262	 7.44	-0.34	 0.19
263	 7.74	 2.76	 0.35
264	 6.95	 0.24	 0.00
265	 8.64	-1.14	 0.01
266	 8.15	 3.06	 0.03
267	 8.64	 3.74	 0.12
268	10.76	 1.26	 0.02
269	13.04	 3.46	 0.00
270	14.55	 4.05	 0.00
271	 8.06	 5.44	 0.68
272	14.84	 4.74	 0.03
273	10.66	 5.26	 0.03
274	 7.54	 1.86	 0.17
275	10.36	-0.66	 0.00
276	 8.64	 0.84	 0.02
277	12.94	 5.54	 0.02
278	15.26	 4.84	 0.02
279	11.06	 7.14	 0.11
280	11.45	 4.65	 0.16
281	11.14	 2.46	 0.01
282	 8.14	 3.86	 0.07
283	12.14	 3.16	 0.01
284	 8.96	 3.15	 0.11
285	 7.94	 0.66	 0.01
286	 8.95	 1.75	 0.07
287	12.84	-0.96	 0.00
288	19.54	 6.44	 0.00
289	20.34	 9.96	 0.06
290	11.04	 3.56	 0.64
291	11.54	 2.54	 0.44
292	10.44	 0.16	 0.00
293	 9.26	 3.44	 0.02
294	 7.26	 2.96	 0.40
295	 8.74	 1.14	 0.01
296	 8.56	 3.46	 0.02
297	 5.75	-0.34	 0.35
298	10.34	-0.54	 0.00
299	13.46	 0.54	 0.00
300	10.36	 4.06	 0.08
301	14.75	 2.54	 0.14
302	16.34	 8.14	 0.01
303	15.94	 9.66	 0.30
304	12.06	 6.96	 0.48
305	17.16	 8.06	 1.21
306	15.05	 5.64	 1.30
307	 9.76	 3.56	 0.19
308	 9.86	 1.95	 0.38
309	 7.44	-0.74	 0.10
310	 6.16	 3.66	 0.36
311	10.25	 4.75	 0.09
312	10.25	 6.74	 0.12
313	16.66	 5.14	 0.02
314	13.46	 6.56	 0.31
315	11.56	 1.76	 0.02
316	10.76	 5.96	 0.06
317	10.94	 2.46	 0.07
318	 8.76	 3.36	 0.26
319	 8.24	 1.76	 0.12
320	10.96	 5.45	 0.27
321	11.65	 3.64	 0.07
322	 9.84	 4.25	 0.12
323	10.45	 1.54	 0.14
324	 7.96	 4.26	 0.24
325	 6.66	 1.85	 1.30
326	 7.04	 1.05	 0.46
327	 6.84	 1.06	 0.40
328	10.46	 1.46	 0.43
329	 9.64	 3.34	 0.16
330	 7.86	 1.36	 0.38
331	11.05	 6.06	 0.01
332	12.86	 3.86	 0.02
333	10.24	 6.86	 0.81
334	 9.34	 4.45	 0.63
335	10.84	 2.44	 0.03
336	11.56	 6.25	 0.30
337	12.35	 6.84	 0.58
338	10.34	 6.65	 0.12
339	11.76	 6.04	 0.69
340	10.04	 4.85	 0.63
341	12.54	 3.76	 0.02
342	16.06	 6.26	 0.42
343	17.45	 6.95	 0.00
344	14.74	 6.65	 0.00
345	19.05	 5.85	 0.00
346	21.96	 8.84	 0.00
347	20.24	 9.54	 0.16
348	19.24	 4.64	 0.00
349	18.85	 6.76	 0.00
350	17.15	 7.16	 0.01
351	20.16	 8.84	 0.79
352	13.76	 7.56	 0.04
353	12.55	 6.56	 0.07
354	12.15	 6.34	 0.08
355	20.55	 5.86	 0.02
356	11.96	 5.66	 0.18
357	13.14	 3.84	 0.12
358	12.06	 7.36	 0.01
359	16.56	 6.66	 0.19
360	11.34	 5.46	 0.21
361	 9.05	 5.74	 0.54
362	14.74	 6.86	 0.59
363	14.84	 9.64	 0.07
364	21.36	 3.96	 0.00
365	24.76	10.14	 0.71
