# weather for site Weather_NCEPCFSR_-52.298--70.313 year = 1994
# DOY Tmax(C) Tmin(C) PPT(cm)
1	16.94	 5.54	 0.00
2	20.06	 7.66	 0.00
3	22.14	11.65	 1.43
4	20.35	11.64	 0.25
5	14.94	10.06	 0.01
6	14.55	 8.25	 0.20
7	12.94	 7.54	 0.47
8	18.75	 8.04	 0.35
9	19.46	12.55	 0.37
10	12.95	 6.56	 0.18
11	11.66	 6.94	 0.18
12	15.25	 9.44	 0.20
13	14.86	 9.55	 1.33
14	12.45	 8.25	 0.02
15	16.56	 3.06	 0.00
16	15.66	 6.06	 0.00
17	20.64	 7.74	 0.00
18	14.94	10.56	 3.18
19	13.44	 5.65	 0.54
20	 9.24	 2.86	 0.13
21	13.24	 8.96	 0.16
22	11.05	 3.86	 0.13
23	11.84	 7.26	 0.03
24	13.24	 7.35	 0.28
25	16.46	 8.66	 0.34
26	13.95	 9.86	 0.72
27	13.74	 8.26	 1.02
28	11.54	 5.35	 0.15
29	16.94	 7.06	 0.17
30	13.54	 6.16	 0.20
31	12.84	 5.36	 0.91
32	 9.94	 3.84	 0.16
33	12.96	 2.66	 0.06
34	10.04	 6.95	 0.21
35	 9.46	 2.74	 0.12
36	14.46	 5.14	 0.21
37	13.05	10.45	 1.01
38	11.04	 6.86	 0.09
39	11.34	 4.34	 0.11
40	13.44	 5.14	 0.30
41	14.56	 9.76	 0.51
42	13.94	 5.04	 0.12
43	17.06	 5.66	 0.00
44	14.66	 6.76	 0.05
45	14.74	 6.15	 0.16
46	15.06	 7.05	 0.20
47	11.96	 6.14	 0.02
48	11.36	 8.14	 0.21
49	12.15	 7.44	 0.22
50	15.85	 8.16	 0.30
51	12.06	 5.06	 0.30
52	 8.74	 4.46	 0.24
53	16.26	 2.96	 0.32
54	15.24	10.86	 0.11
55	15.44	 8.55	 0.04
56	19.96	 9.56	 0.00
57	15.04	10.54	 0.37
58	10.96	 5.36	 2.18
59	 9.36	 2.85	 0.12
60	10.85	 2.54	 0.05
61	11.05	 5.14	 1.59
62	15.06	 2.76	 0.02
63	19.94	 7.24	 0.00
64	14.66	11.14	 0.55
65	17.95	 7.34	 0.01
66	11.94	 7.16	 2.43
67	 7.56	 4.65	 0.21
68	10.54	 4.96	 0.16
69	12.54	 7.94	 0.03
70	13.36	 4.74	 0.01
71	15.64	 1.16	 0.00
72	16.86	 5.84	 0.00
73	16.94	 7.55	 0.00
74	12.75	 6.74	 0.36
75	 9.76	 3.64	 0.16
76	15.55	 6.16	 2.98
77	17.84	11.46	 0.22
78	16.75	 9.26	 0.05
79	17.75	10.55	 0.07
80	16.64	10.56	 1.04
81	15.44	 9.56	 0.27
82	12.44	 4.05	 0.02
83	 9.16	 5.14	 0.15
84	10.14	 4.06	 0.21
85	13.26	 5.04	 0.54
86	 9.16	 2.46	 0.23
87	 6.84	 2.05	 0.49
88	 9.86	 5.55	 0.10
89	12.05	 4.94	 0.00
90	11.05	 2.64	 0.00
91	 7.44	 4.26	 0.05
92	 9.16	 6.06	 0.13
93	11.26	 6.86	 0.31
94	12.04	 5.14	 0.07
95	14.54	 5.84	 0.00
96	14.65	 6.86	 0.02
97	15.76	 9.26	 0.03
98	10.84	 4.56	 1.44
99	 9.86	 4.65	 0.38
100	10.34	 6.46	 1.12
101	10.14	 6.36	 0.07
102	11.54	 5.74	 0.15
103	11.35	 7.26	 0.96
104	10.64	 4.86	 0.12
105	10.56	 4.46	 0.15
106	 7.84	 3.86	 0.71
107	 7.56	 3.16	 0.23
108	 8.65	 4.16	 0.14
109	 5.54	 0.65	 0.21
110	 3.84	 0.16	 0.07
111	 4.65	 0.76	 0.29
112	11.06	 4.06	 0.31
113	10.05	 6.46	 0.04
114	11.15	 6.26	 0.02
115	 8.44	 3.46	 0.62
116	 4.04	-0.14	 0.45
117	 6.65	-0.56	 0.18
118	 8.86	 3.96	 0.15
119	10.34	 6.86	 0.06
120	 8.55	 2.35	 0.04
121	 6.04	 1.34	 1.32
122	 2.46	 0.54	 0.91
123	 7.04	 1.64	 0.40
124	 6.06	 1.34	 0.87
125	 4.96	 1.96	 0.68
126	 6.75	 0.85	 0.00
127	 6.06	-0.44	 0.05
128	 5.26	 1.54	 0.12
129	 6.45	 2.66	 0.22
130	 7.35	 4.46	 0.06
131	 6.85	 1.35	 0.00
132	 6.86	 2.34	 0.58
133	 7.85	 3.96	 0.14
134	 6.74	 2.95	 0.21
135	 4.35	 1.74	 0.36
136	 5.05	 1.96	 0.39
137	 3.74	 0.56	 0.01
138	 4.06	 0.46	 0.07
139	 3.86	-1.84	 0.52
140	 3.66	-1.76	 0.00
141	 3.84	 0.36	 0.20
142	 2.84	-0.44	 0.11
143	 2.76	-1.36	 0.37
144	 1.94	 0.66	 0.71
145	 2.06	-1.06	 0.26
146	 1.95	-3.04	 0.01
147	 1.64	-1.14	 0.02
148	 0.65	-2.66	 0.02
149	-1.26	-4.86	 0.00
150	-1.36	-7.44	 0.01
151	-0.25	-1.26	 0.06
152	 0.86	-3.16	 0.01
153	 1.74	-3.95	 0.03
154	 2.56	-1.44	 0.08
155	 1.84	-2.05	 0.00
156	 1.95	-2.26	 0.07
157	 2.95	-1.26	 0.13
158	 1.66	-2.64	 0.03
159	 0.85	-2.36	 0.45
160	 4.14	-0.16	 1.12
161	 2.24	-0.74	 0.20
162	 2.25	 0.35	 0.52
163	 4.76	 1.25	 0.13
164	 6.24	 4.34	 0.25
165	 6.44	 2.36	 0.33
166	 3.14	-0.85	 0.03
167	 2.66	-0.86	 0.03
168	 4.55	 2.74	 0.16
169	 4.36	 2.84	 0.08
170	 3.65	-0.96	 0.06
171	 1.94	-0.34	 0.15
172	 4.54	 0.36	 0.05
173	 4.24	 1.15	 0.01
174	 1.96	-1.24	 0.00
175	 1.45	-1.26	 0.65
176	 0.45	-2.15	 0.35
177	 0.54	-1.66	 0.07
178	 1.54	-2.14	 0.00
179	 1.14	-2.16	 0.10
180	 4.14	-1.66	 0.03
181	 2.34	-2.14	 0.15
182	 1.66	-1.75	 0.12
183	 2.94	-0.24	 0.07
184	 4.96	 0.14	 0.02
185	 8.56	 4.84	 0.08
186	 7.96	 3.44	 0.00
187	 5.44	 2.74	 0.08
188	 3.35	 0.96	 0.02
189	 5.06	 1.64	 0.00
190	 5.75	 0.76	 0.02
191	 4.86	-0.34	 0.00
192	 3.46	-0.36	 0.23
193	 5.04	 1.95	 0.03
194	 2.45	-0.95	 0.00
195	 0.06	-3.34	 0.02
196	-0.54	-4.56	 0.01
197	-1.34	-4.14	 0.02
198	-0.44	-4.25	 0.31
199	 0.54	-4.34	 0.07
200	-0.24	-3.54	 0.02
201	-0.76	-3.46	 0.23
202	 1.55	-3.26	 0.11
203	 1.95	-2.26	 0.15
204	 1.76	-2.35	 0.18
205	 1.46	-1.96	 0.27
206	 1.14	-1.76	 0.19
207	 0.56	-1.64	 2.36
208	 0.15	-4.94	 0.92
209	 1.54	-3.54	 0.00
210	 3.06	-1.46	 0.25
211	 6.94	 1.26	 0.08
212	 5.45	 2.26	 0.07
213	 4.64	 0.66	 0.31
214	 6.15	-0.34	 0.13
215	 6.44	 1.56	 1.24
216	 7.46	 2.96	 0.36
217	 3.84	-0.16	 0.01
218	 4.86	-1.05	 0.00
219	 4.74	-0.74	 0.54
220	 4.26	 2.24	 0.33
221	 3.26	-0.86	 0.48
222	 4.34	-2.05	 0.02
223	 2.46	-0.96	 0.77
224	 5.25	 0.35	 0.04
225	 6.14	-0.45	 0.00
226	 5.24	-0.24	 0.02
227	 1.75	-0.14	 0.10
228	 5.86	-1.14	 0.03
229	 8.36	 1.24	 0.05
230	 4.04	 0.45	 0.06
231	 5.14	 1.56	 0.04
232	 3.86	 0.55	 0.13
233	 4.26	-0.66	 0.29
234	 7.44	 3.16	 0.23
235	 8.45	 3.54	 0.07
236	 4.25	 2.36	 0.87
237	 6.35	 2.24	 0.24
238	 9.75	 2.64	 0.28
239	 7.26	 2.16	 0.03
240	 5.14	 0.24	 0.05
241	 5.84	-0.05	 0.03
242	 6.34	 1.84	 0.12
243	 5.64	 0.34	 0.03
244	 7.45	-0.14	 0.07
245	 7.05	 1.05	 0.23
246	 3.46	 0.06	 0.16
247	 2.55	-0.35	 0.63
248	 2.44	-1.84	 0.29
249	 3.56	-1.35	 0.13
250	 6.16	 0.66	 0.02
251	 6.24	-3.26	 0.00
252	 6.14	-0.14	 0.02
253	 9.94	 2.14	 0.05
254	10.06	 1.64	 0.16
255	 6.15	-0.34	 0.81
256	 3.54	 0.36	 0.18
257	 4.65	 1.54	 0.51
258	 3.25	 0.36	 0.16
259	 5.75	-0.84	 0.00
260	 8.54	-1.85	 0.00
261	 4.35	 0.94	 0.04
262	 7.66	-1.95	 0.00
263	 7.76	 0.05	 0.00
264	 4.64	-0.46	 0.25
265	 4.64	-1.76	 0.28
266	 7.14	-2.54	 0.00
267	 7.26	-1.94	 0.00
268	 4.34	-0.65	 0.16
269	 7.76	 0.16	 0.01
270	 4.55	 0.54	 1.19
271	 5.54	-0.16	 0.21
272	 5.06	 2.76	 0.70
273	 4.26	-0.64	 1.05
274	 3.24	-2.44	 0.07
275	 3.94	-2.16	 0.13
276	 5.44	-4.06	 0.02
277	 5.66	-1.65	 0.02
278	 6.84	 0.85	 0.05
279	10.06	 2.45	 0.03
280	 9.55	 1.94	 0.00
281	10.34	 2.74	 0.03
282	10.46	 2.26	 0.07
283	10.94	 4.95	 0.01
284	15.85	 3.46	 0.00
285	13.46	 7.24	 0.00
286	 7.74	 2.35	 0.08
287	10.95	-1.34	 0.08
288	 7.95	 1.84	 0.60
289	 7.36	 1.64	 0.07
290	 7.26	 2.74	 0.73
291	 6.44	 2.04	 0.16
292	 5.14	 0.16	 0.79
293	 4.26	 0.44	 0.16
294	 9.44	-0.24	 0.06
295	 8.66	 3.86	 0.00
296	11.56	 3.84	 0.01
297	10.66	 5.36	 0.05
298	 7.64	 2.74	 0.08
299	 5.44	 1.34	 0.21
300	 7.54	 0.44	 0.01
301	10.76	-1.16	 0.00
302	13.34	 2.25	 0.03
303	13.14	 5.24	 0.02
304	10.64	 5.74	 0.77
305	 9.54	 5.96	 0.12
306	12.06	 2.84	 0.12
307	 9.96	 5.54	 0.30
308	 8.55	 5.34	 0.93
309	10.14	 3.56	 0.38
310	 8.96	 3.46	 0.13
311	 8.46	 0.94	 0.02
312	15.15	 2.34	 0.13
313	 9.84	 4.36	 0.59
314	 9.26	 2.76	 0.28
315	14.56	 5.54	 0.71
316	12.95	 3.76	 0.07
317	11.15	 4.44	 0.16
318	14.04	 4.74	 0.07
319	10.46	 6.54	 0.12
320	10.14	 5.06	 0.13
321	11.64	 6.14	 0.06
322	18.54	 8.14	 0.07
323	20.36	 9.24	 0.62
324	13.54	 6.56	 0.18
325	18.75	 5.14	 0.00
326	16.56	 7.76	 0.03
327	17.36	 7.44	 0.02
328	11.96	 7.96	 1.68
329	10.96	 6.56	 0.77
330	15.16	 7.15	 0.05
331	17.04	 5.66	 0.00
332	13.04	 5.94	 2.01
333	10.66	 2.06	 0.94
334	10.75	 3.34	 1.21
335	13.35	 2.26	 0.20
336	12.24	 2.64	 0.40
337	13.66	 3.35	 0.21
338	14.14	 7.16	 0.73
339	14.86	 7.66	 2.20
340	13.24	 4.24	 0.31
341	12.66	 5.15	 0.32
342	 9.06	 4.44	 0.61
343	10.26	 5.86	 1.01
344	13.26	 4.66	 0.10
345	14.64	 5.36	 0.00
346	16.06	 5.96	 0.11
347	13.14	 4.45	 0.23
348	12.54	 3.35	 0.02
349	11.94	 7.06	 0.21
350	14.76	 4.56	 0.23
351	18.76	 9.06	 0.58
352	13.94	 3.64	 0.20
353	10.36	 3.36	 0.30
354	12.15	 3.86	 0.07
355	16.45	 6.84	 0.63
356	16.55	 8.56	 0.49
357	11.26	 7.35	 0.15
358	 9.24	 1.96	 0.01
359	13.16	 2.86	 0.08
360	13.34	 7.36	 0.91
361	17.34	 7.04	 0.04
362	18.14	 4.85	 0.05
363	11.45	 8.16	 0.78
364	13.66	 3.34	 0.43
365	16.05	 3.75	 0.00
