# weather for site Weather_NCEPCFSR_-52.298--70.313 year = 2003
# DOY Tmax(C) Tmin(C) PPT(cm)
1	12.94	 2.26	 0.07
2	13.64	 8.34	 0.48
3	 9.66	 6.44	 0.68
4	 8.94	 6.96	 0.26
5	 9.35	 5.04	 0.48
6	10.75	 6.26	 0.07
7	14.34	 6.85	 0.68
8	14.66	 7.54	 0.03
9	12.74	 4.84	 0.40
10	10.76	 6.44	 0.11
11	18.66	 8.06	 0.25
12	14.84	 8.16	 0.07
13	10.86	 7.84	 0.35
14	14.54	 6.34	 0.14
15	14.16	 5.55	 0.27
16	11.56	 5.24	 1.08
17	11.46	 2.95	 0.09
18	15.44	 5.36	 0.26
19	13.34	 7.16	 0.59
20	11.84	 5.66	 0.08
21	12.34	 4.54	 0.46
22	12.14	 5.95	 0.22
23	11.54	 5.16	 0.87
24	12.34	 7.95	 0.20
25	12.16	 6.44	 0.15
26	15.36	 7.94	 0.41
27	15.76	 7.45	 0.02
28	16.04	 8.55	 0.53
29	11.04	 4.65	 0.12
30	 9.34	 5.76	 0.76
31	 9.35	 3.84	 0.26
32	12.76	 5.56	 0.24
33	14.16	 6.16	 0.31
34	11.85	 8.34	 1.82
35	14.24	 6.64	 0.10
36	12.24	 6.54	 0.05
37	12.95	 5.86	 0.03
38	11.74	 6.04	 0.47
39	11.15	 7.44	 0.08
40	10.36	 8.24	 0.36
41	18.35	 6.44	 0.45
42	14.25	 7.54	 0.03
43	13.65	 8.34	 0.20
44	 9.44	 6.96	 0.26
45	13.05	 5.45	 0.09
46	19.56	 3.94	 0.00
47	16.95	 5.34	 0.01
48	15.35	 5.55	 0.06
49	13.25	 6.34	 0.33
50	14.66	 3.34	 0.00
51	19.15	 9.66	 0.16
52	15.04	 7.95	 0.16
53	15.84	 6.96	 0.12
54	12.44	 8.65	 0.30
55	19.15	 9.36	 0.31
56	12.26	 6.04	 0.39
57	12.66	 6.56	 0.04
58	12.36	 8.14	 0.25
59	12.54	 5.96	 0.08
60	11.24	 5.44	 0.12
61	12.74	 7.55	 0.36
62	14.24	 7.95	 0.12
63	12.46	 8.04	 0.76
64	13.36	 6.86	 0.75
65	18.36	11.96	 1.24
66	13.26	 6.24	 0.02
67	 9.96	 6.76	 2.46
68	15.46	10.05	 0.08
69	14.76	 6.76	 0.06
70	11.34	 7.14	 0.08
71	10.15	 5.54	 0.42
72	 8.64	 4.46	 0.82
73	 8.96	 3.64	 1.24
74	 9.74	 5.64	 0.19
75	 7.56	 3.66	 1.04
76	 7.46	 2.84	 0.25
77	 8.05	 1.84	 0.28
78	 9.56	 1.44	 0.05
79	 8.25	 3.24	 0.01
80	10.36	 1.96	 0.03
81	12.84	 4.06	 0.00
82	15.76	 9.66	 0.48
83	17.76	10.54	 0.50
84	16.55	11.24	 0.12
85	11.96	10.26	 0.34
86	12.06	 7.16	 0.07
87	14.46	 2.16	 0.00
88	11.75	 2.85	 0.01
89	13.36	 3.85	 0.02
90	12.94	 4.96	 0.00
91	12.46	 4.24	 0.01
92	14.16	 3.24	 0.00
93	13.56	 6.74	 0.00
94	12.75	 4.76	 0.00
95	13.16	 4.46	 0.07
96	 9.16	 5.45	 0.16
97	 8.44	 5.45	 0.34
98	 9.74	 5.06	 0.07
99	11.15	 5.44	 0.02
100	11.04	 3.06	 0.00
101	12.86	 5.35	 0.01
102	12.46	 5.64	 0.79
103	12.94	 6.56	 0.12
104	10.24	 4.54	 0.07
105	12.16	 4.06	 0.10
106	11.26	 6.06	 0.20
107	 8.86	 3.55	 0.61
108	 8.75	 4.14	 0.02
109	 7.24	 3.64	 0.08
110	 5.16	 1.34	 0.03
111	 6.86	 4.56	 0.20
112	 8.45	 4.76	 0.07
113	 8.35	 3.46	 0.02
114	 8.35	 5.35	 0.04
115	 7.26	 5.96	 0.11
116	 8.16	 4.96	 0.04
117	 6.84	 3.55	 0.62
118	 7.24	 3.36	 0.40
119	 8.46	 4.25	 0.02
120	 9.84	 1.66	 0.01
121	10.75	 6.44	 0.11
122	10.14	 7.26	 0.92
123	10.74	 6.54	 0.04
124	11.84	 7.36	 0.07
125	10.06	 5.14	 0.14
126	 9.94	 5.04	 0.21
127	 7.56	 3.75	 0.02
128	 5.06	-0.84	 0.30
129	 7.86	 5.24	 0.15
130	 7.74	 5.16	 0.02
131	 6.15	 3.05	 0.14
132	 6.56	 3.16	 0.01
133	 6.45	 2.46	 0.08
134	 8.84	 1.56	 0.00
135	 8.56	 4.06	 0.02
136	 6.85	 3.56	 0.47
137	 6.66	 4.25	 0.21
138	 7.14	 2.85	 0.00
139	 4.64	-1.04	 0.00
140	 4.86	-1.35	 0.07
141	 5.86	 3.04	 0.61
142	 7.16	 5.35	 0.77
143	 7.54	 5.36	 0.41
144	 8.66	 3.26	 0.60
145	 5.85	 4.05	 1.63
146	 6.74	 3.76	 0.21
147	 5.56	 3.44	 0.34
148	 5.16	 2.84	 0.12
149	 4.54	-0.16	 0.00
150	 5.24	-0.35	 1.16
151	 7.55	 0.56	 0.54
152	 2.24	-0.06	 0.16
153	 4.16	 0.75	 0.04
154	 6.76	 2.25	 0.58
155	 8.26	 0.16	 0.49
156	 1.55	-1.66	 0.06
157	 3.64	-1.56	 0.13
158	 4.76	 2.94	 0.18
159	 4.26	 0.76	 0.21
160	 4.14	-0.65	 0.07
161	 1.46	-2.15	 0.07
162	 2.26	-2.35	 0.21
163	 2.96	 1.15	 0.41
164	 4.46	 1.95	 0.70
165	 5.06	 0.64	 1.15
166	 2.46	-1.14	 0.13
167	 3.95	-0.54	 0.04
168	 2.56	-0.24	 0.35
169	 3.45	-1.05	 0.05
170	 2.06	-0.14	 0.49
171	 4.84	 1.56	 0.03
172	 4.04	-0.05	 0.36
173	 3.96	-0.16	 0.35
174	 1.66	 0.74	 0.89
175	 1.06	-1.56	 0.02
176	-0.84	-3.85	 0.03
177	 0.64	-3.65	 0.03
178	 2.16	-0.26	 0.13
179	 0.46	-3.04	 0.02
180	-0.46	-3.96	 0.07
181	 2.54	-1.34	 0.03
182	 4.44	-0.24	 0.04
183	 6.15	 3.26	 0.21
184	 5.56	 0.35	 0.16
185	 4.44	 0.74	 0.33
186	 6.36	 2.76	 0.15
187	 3.66	 0.64	 0.30
188	 2.86	-2.25	 0.10
189	 3.74	-1.96	 0.17
190	 2.76	-0.54	 0.58
191	 6.86	 1.36	 0.16
192	 5.54	 3.15	 0.00
193	 3.06	-0.24	 0.07
194	 3.96	-0.44	 0.02
195	 2.14	 1.16	 1.88
196	 5.45	 2.35	 0.12
197	 5.46	 1.66	 0.00
198	 5.94	 2.44	 0.10
199	 4.96	 2.06	 0.15
200	 3.66	 0.46	 0.12
201	 3.55	-1.24	 0.07
202	 5.15	 1.45	 0.08
203	 5.86	 0.06	 0.07
204	 6.14	 4.14	 0.31
205	 6.54	 4.35	 0.21
206	 9.55	 4.76	 0.19
207	 9.96	 6.06	 0.33
208	10.65	 6.54	 0.29
209	 7.65	 4.15	 0.02
210	 5.04	 1.25	 0.03
211	 5.74	 2.15	 0.74
212	 3.64	 2.04	 1.06
213	 5.76	 1.44	 0.11
214	 4.06	 1.44	 0.82
215	 3.44	-0.34	 0.12
216	 4.04	 0.34	 0.19
217	 6.75	 2.85	 0.03
218	 4.96	 1.54	 0.27
219	 7.25	 2.44	 0.04
220	 6.04	 1.64	 0.00
221	10.34	 4.06	 0.01
222	 7.96	 2.46	 0.20
223	 7.36	 3.54	 0.04
224	 6.36	 1.65	 0.00
225	 7.15	 2.65	 0.05
226	 4.24	 1.44	 0.04
227	 5.16	-1.35	 0.00
228	10.36	 1.86	 0.54
229	 4.76	 0.44	 1.43
230	 3.96	-0.74	 0.02
231	 5.05	-0.96	 0.15
232	 1.56	-1.96	 0.10
233	 3.34	-2.26	 0.13
234	 4.14	 0.45	 0.16
235	 3.36	-1.24	 0.10
236	 5.05	 0.75	 0.08
237	 3.66	-0.34	 0.16
238	 5.94	-0.24	 0.04
239	 7.04	 1.54	 0.04
240	 7.24	-0.05	 0.03
241	 7.14	 0.24	 0.12
242	 8.95	 0.16	 0.04
243	 8.76	 1.76	 0.00
244	 6.65	 0.26	 0.37
245	 7.76	 0.64	 0.00
246	 8.24	-0.14	 0.00
247	 7.14	 0.34	 0.05
248	 4.14	-1.94	 0.01
249	 4.94	-1.76	 0.02
250	 6.14	 2.16	 0.09
251	 7.54	 4.36	 0.02
252	 6.25	 2.64	 0.40
253	 5.94	 2.34	 1.70
254	 6.26	 0.45	 0.29
255	 3.55	-0.96	 0.05
256	 6.25	-2.65	 0.00
257	 7.36	-2.25	 0.00
258	 9.34	-1.16	 0.01
259	 8.76	 2.76	 0.02
260	 9.36	 3.14	 0.35
261	10.86	 1.94	 0.18
262	10.46	 3.24	 0.09
263	 7.16	-0.76	 0.01
264	 9.84	-0.84	 0.00
265	 9.86	 2.85	 0.05
266	 6.74	 1.55	 0.07
267	10.66	 1.35	 0.00
268	12.94	 1.44	 0.00
269	 7.04	 1.56	 0.92
270	 7.44	 0.05	 0.02
271	 7.86	 3.36	 0.35
272	 9.76	 3.55	 0.29
273	 7.04	 1.65	 0.02
274	 8.76	-1.24	 0.00
275	 5.96	 1.06	 0.96
276	 8.65	 1.54	 0.05
277	 8.14	 2.64	 0.13
278	 5.35	-0.34	 0.13
279	 9.46	-0.54	 0.00
280	 7.14	 1.55	 0.08
281	 6.36	-0.44	 0.16
282	 6.15	-1.56	 0.02
283	 8.14	 1.04	 0.02
284	11.94	 0.26	 0.30
285	11.16	 4.94	 0.15
286	11.25	 7.06	 0.61
287	11.34	 6.64	 0.16
288	 7.96	 3.15	 1.15
289	 7.34	 1.94	 0.21
290	13.54	-0.54	 0.00
291	13.64	 4.85	 0.02
292	 9.35	 3.26	 0.02
293	10.85	 3.04	 0.01
294	10.46	 5.56	 0.12
295	 9.06	 4.54	 0.44
296	 5.94	 1.84	 0.08
297	 7.46	 1.54	 0.35
298	 7.76	 2.24	 0.14
299	10.45	 1.04	 0.24
300	12.16	 5.15	 0.52
301	13.76	 6.34	 0.20
302	10.16	 3.45	 0.21
303	 5.86	 1.14	 0.53
304	 6.76	 2.06	 0.44
305	15.24	 5.15	 0.07
306	21.66	 8.85	 0.00
307	13.65	 8.45	 0.07
308	12.64	 3.96	 0.12
309	 9.35	 1.44	 0.24
310	14.56	 4.44	 0.38
311	11.86	 3.26	 0.48
312	 7.76	 2.16	 0.12
313	 6.35	 1.34	 0.16
314	 8.06	-1.14	 0.12
315	 8.35	-0.76	 0.01
316	12.84	 0.76	 0.00
317	16.24	 2.26	 0.02
318	12.24	 7.34	 0.30
319	13.24	 4.96	 1.01
320	10.94	 4.06	 0.10
321	11.85	 2.86	 0.20
322	 7.44	 3.26	 1.17
323	 6.96	 1.45	 0.08
324	10.14	 5.64	 0.12
325	10.44	 3.34	 0.13
326	10.66	 3.14	 0.06
327	 8.86	 2.74	 0.18
328	 7.46	 4.86	 0.25
329	 6.96	 1.94	 0.60
330	 6.44	 2.74	 0.34
331	 6.14	 1.35	 0.21
332	10.14	 0.16	 0.32
333	 9.64	 4.46	 0.22
334	14.24	 5.96	 0.95
335	12.44	 6.24	 0.79
336	15.46	 4.16	 0.00
337	14.04	 7.86	 0.06
338	14.15	 7.06	 0.44
339	11.96	 5.96	 0.24
340	10.74	 7.16	 0.13
341	11.16	 6.16	 0.51
342	10.44	 4.95	 0.18
343	10.06	 5.64	 0.68
344	13.24	 5.26	 0.12
345	11.66	 7.14	 1.07
346	12.84	 4.44	 0.19
347	13.85	 4.74	 0.95
348	13.25	 5.16	 0.84
349	10.54	 2.96	 0.79
350	12.54	 7.65	 0.11
351	12.64	 7.04	 0.79
352	11.44	 6.26	 0.28
353	11.44	 5.14	 0.92
354	11.86	 3.85	 0.16
355	 8.94	 5.75	 0.28
356	11.74	 2.24	 0.33
357	15.75	 6.16	 0.28
358	14.85	 4.04	 0.07
359	13.26	 6.04	 0.44
360	13.56	 5.75	 0.19
361	 9.94	 3.96	 0.15
362	10.75	 5.84	 0.12
363	 9.64	 7.05	 0.33
364	13.74	 7.55	 0.80
365	14.54	 8.54	 0.51
