# weather for site Weather_NCEPCFSR_-52.298--70.313 year = 2000
# DOY Tmax(C) Tmin(C) PPT(cm)
1	13.04	 7.85	 0.29
2	23.36	11.16	 0.23
3	15.25	11.56	 4.10
4	13.44	 6.86	 3.00
5	13.44	 6.56	 0.06
6	13.35	 7.34	 0.68
7	 9.54	 4.14	 0.09
8	12.24	 5.34	 0.37
9	10.06	 2.44	 0.35
10	 8.76	 5.05	 0.40
11	11.06	 4.56	 0.06
12	14.64	 4.16	 0.02
13	16.64	 7.24	 0.00
14	15.16	 8.15	 0.01
15	13.76	 8.74	 0.12
16	14.34	 7.55	 0.01
17	12.64	 8.04	 0.02
18	17.56	 8.86	 0.21
19	14.86	 8.86	 0.05
20	10.16	 5.94	 0.09
21	13.46	 5.14	 0.04
22	13.74	10.24	 0.07
23	12.05	 3.84	 0.12
24	16.16	 6.86	 0.06
25	14.86	10.54	 0.29
26	18.45	 6.45	 0.00
27	17.75	 9.44	 0.48
28	15.06	10.16	 0.07
29	12.96	 3.96	 0.28
30	 9.96	 3.25	 0.12
31	11.74	 5.34	 0.55
32	14.94	 5.55	 0.14
33	12.46	 4.04	 0.10
34	14.64	 9.46	 0.72
35	11.66	 5.34	 0.04
36	 9.96	 3.04	 0.16
37	10.66	 3.94	 0.12
38	15.44	 7.54	 0.01
39	20.86	 6.86	 0.01
40	19.64	11.84	 0.03
41	13.56	 9.24	 2.20
42	10.85	 6.16	 0.07
43	 9.35	 2.84	 0.02
44	11.75	 3.64	 0.00
45	13.16	 5.75	 0.00
46	20.24	 4.04	 0.00
47	14.74	 8.36	 0.00
48	15.15	 7.56	 0.01
49	17.85	 4.34	 0.00
50	20.66	 6.84	 0.00
51	14.54	 9.14	 1.75
52	12.96	 9.15	 1.20
53	12.14	 6.04	 0.29
54	16.34	 4.15	 0.01
55	16.64	 9.06	 0.52
56	12.24	 5.44	 2.84
57	 8.56	 3.54	 0.52
58	 9.44	 4.66	 0.17
59	 8.06	 6.05	 0.27
60	12.24	 6.24	 0.16
61	14.14	 6.14	 0.00
62	15.86	 4.56	 0.07
63	13.06	 6.34	 0.11
64	11.26	 4.34	 0.43
65	13.46	 4.35	 0.11
66	20.66	 9.06	 0.27
67	17.84	11.84	 0.19
68	19.26	10.96	 0.59
69	14.15	10.04	 0.84
70	14.94	 9.06	 0.83
71	11.56	 6.05	 0.56
72	11.94	 3.15	 0.05
73	10.76	 5.04	 0.68
74	14.04	 7.16	 0.87
75	 9.65	 5.34	 1.56
76	 7.06	 5.04	 0.10
77	11.16	 2.85	 0.34
78	10.16	 6.04	 0.35
79	 9.44	 4.36	 0.12
80	 9.95	 3.46	 0.03
81	 8.85	 1.15	 0.01
82	 9.75	 1.74	 0.56
83	11.15	 5.16	 0.14
84	10.96	 4.24	 0.27
85	11.26	 5.54	 0.54
86	 7.36	 2.96	 0.37
87	 4.75	 2.86	 0.55
88	 8.74	-1.15	 0.00
89	 8.15	 4.05	 1.30
90	 9.76	 2.16	 0.38
91	11.45	 3.64	 0.48
92	12.56	 8.84	 0.21
93	14.95	 9.44	 0.39
94	13.05	 8.65	 0.02
95	11.36	 6.54	 0.02
96	12.04	 5.26	 0.00
97	14.16	 7.35	 0.01
98	 9.54	 6.74	 1.66
99	 6.74	 1.64	 1.45
100	 7.66	 0.96	 0.05
101	11.24	 5.86	 0.03
102	 9.56	 8.85	 0.32
103	10.54	 3.64	 0.12
104	 9.54	 3.75	 0.16
105	 8.26	 6.55	 0.32
106	 9.55	 3.95	 0.01
107	 8.36	 4.24	 0.02
108	13.14	 6.54	 0.00
109	 9.74	 6.65	 0.70
110	10.54	 2.54	 0.00
111	10.25	 5.34	 0.16
112	 7.86	 2.45	 0.02
113	 6.55	 2.15	 0.92
114	 4.45	 0.44	 1.06
115	 6.06	 0.85	 0.12
116	 6.84	 3.35	 0.13
117	 7.34	 2.54	 0.07
118	 9.46	 1.94	 0.15
119	 5.76	 1.74	 0.30
120	 5.06	 1.66	 0.05
121	 6.06	-0.76	 0.00
122	 3.76	-1.44	 0.00
123	 4.26	-1.46	 0.02
124	 4.34	-0.45	 0.21
125	 9.96	 3.76	 1.17
126	 9.44	 7.16	 0.04
127	 8.35	 3.34	 0.03
128	10.26	 4.96	 0.25
129	 9.16	 1.44	 0.06
130	 3.06	-1.46	 0.01
131	 7.44	 1.74	 2.27
132	11.16	 5.14	 0.35
133	 7.36	 2.44	 0.16
134	 5.74	-0.26	 0.00
135	 7.65	 1.66	 0.03
136	 8.66	 2.15	 0.13
137	 6.84	 2.84	 0.00
138	 5.65	 0.26	 0.00
139	 2.95	 0.05	 0.03
140	 6.16	 1.56	 0.26
141	 4.96	 0.06	 0.00
142	 3.24	-0.05	 0.20
143	 7.15	-0.15	 0.12
144	 6.84	 3.56	 0.02
145	 5.15	 0.06	 0.08
146	 4.54	 2.05	 0.15
147	 5.14	 1.56	 0.30
148	 5.34	 2.54	 0.47
149	 6.84	 3.64	 0.30
150	 5.44	 1.96	 0.09
151	 2.24	-0.26	 0.06
152	 1.96	-1.65	 0.00
153	 2.65	-1.25	 0.28
154	 6.66	 1.46	 0.50
155	 4.26	-0.75	 0.02
156	 2.56	-0.36	 0.35
157	 3.26	-0.65	 0.17
158	 3.54	-0.35	 0.71
159	 5.86	 2.44	 0.28
160	 3.66	 0.06	 0.02
161	 4.66	 0.25	 0.21
162	 2.74	-0.55	 0.23
163	 2.46	-1.55	 0.03
164	 0.34	-3.96	 0.00
165	-1.15	-5.45	 0.02
166	 2.46	-2.54	 0.07
167	 4.85	-1.04	 0.07
168	 3.84	 1.46	 0.03
169	 2.36	-0.44	 0.03
170	 2.16	-2.66	 0.00
171	 0.64	-4.44	 0.00
172	-1.74	-5.94	 0.02
173	-1.05	-5.84	 0.00
174	-0.15	-5.56	 0.01
175	-1.36	-5.84	 0.04
176	 0.94	-3.25	 0.02
177	 0.34	-3.55	 0.00
178	 0.24	-4.25	 0.05
179	 1.16	-1.56	 0.15
180	 2.65	 0.76	 0.40
181	 3.54	 2.34	 0.87
182	 4.76	 2.74	 0.26
183	 2.26	-0.75	 0.08
184	 3.94	 1.14	 0.07
185	 2.56	-0.16	 0.07
186	 1.86	-0.76	 0.77
187	 1.36	-2.74	 0.16
188	 1.36	-1.85	 0.01
189	 3.16	-0.66	 0.12
190	 2.95	 0.14	 0.17
191	 2.05	-1.05	 0.03
192	 1.46	-2.66	 0.00
193	-1.44	-5.36	 0.00
194	-1.26	-6.16	 0.02
195	 1.54	-1.74	 0.34
196	-0.44	-2.84	 0.02
197	 0.04	-2.95	 0.25
198	 2.24	-1.76	 1.43
199	 2.86	 0.14	 0.29
200	 3.06	-0.06	 0.01
201	 1.25	 0.14	 0.73
202	 2.04	-0.26	 0.30
203	 2.84	-0.14	 0.10
204	 1.45	-1.16	 0.44
205	 5.54	 0.95	 0.28
206	 4.85	-0.64	 0.00
207	 3.25	 1.24	 0.43
208	 3.85	-0.36	 0.08
209	 5.24	-0.74	 0.06
210	 3.85	 1.94	 0.21
211	 5.66	 2.36	 0.11
212	 4.66	 1.84	 0.16
213	 4.94	 0.05	 0.07
214	 3.54	-2.04	 0.59
215	 3.65	 0.66	 0.38
216	 2.84	-1.74	 0.00
217	 1.94	-0.54	 0.18
218	 3.16	-0.75	 0.48
219	 5.84	 0.64	 0.21
220	 3.35	-0.65	 0.04
221	 5.14	 1.14	 0.02
222	 5.74	 0.66	 0.03
223	 6.14	 2.24	 0.00
224	 7.84	 2.06	 0.00
225	 5.06	 2.84	 0.07
226	 6.26	 1.25	 0.05
227	 4.14	 0.34	 0.02
228	 4.85	-0.05	 0.17
229	 4.46	-1.46	 0.49
230	 3.05	-1.64	 0.13
231	 1.65	-0.34	 0.13
232	 4.54	-0.54	 0.07
233	 4.26	 1.15	 0.07
234	 5.24	 2.14	 0.05
235	 5.64	 0.64	 0.01
236	 4.74	 0.55	 0.02
237	 5.86	-0.25	 0.03
238	 5.66	 1.36	 0.17
239	 4.14	-1.26	 0.75
240	 5.34	 1.35	 0.37
241	 5.84	 1.15	 0.37
242	 5.35	 0.36	 0.08
243	 5.34	-0.14	 0.06
244	 5.04	-0.45	 0.18
245	 4.44	-0.46	 0.16
246	 4.54	-0.96	 0.56
247	 4.64	-0.84	 0.43
248	 4.06	-1.16	 0.04
249	 4.75	-2.76	 0.08
250	 2.96	-3.14	 0.14
251	 1.85	-2.75	 0.77
252	 0.46	-4.26	 0.02
253	 2.84	-4.96	 0.35
254	 2.95	-3.65	 0.00
255	 3.14	-4.25	 0.01
256	 1.34	-2.36	 0.07
257	 4.24	-2.46	 0.02
258	 6.06	-3.26	 0.00
259	 5.25	-3.54	 0.00
260	 5.64	-3.06	 0.00
261	 4.26	-2.94	 0.02
262	 6.25	-3.65	 0.02
263	 4.36	-1.16	 0.09
264	 3.96	-1.64	 0.02
265	 3.15	-2.45	 0.03
266	 5.24	-1.04	 0.10
267	 6.74	 1.64	 0.12
268	 9.16	 2.04	 0.35
269	 8.35	 3.64	 0.46
270	 7.46	 3.36	 0.51
271	 7.26	 1.14	 0.03
272	 6.76	-0.75	 0.00
273	 9.64	-1.44	 0.00
274	10.44	-0.66	 0.00
275	11.16	 0.96	 0.00
276	14.65	 0.16	 0.01
277	10.14	 6.14	 0.03
278	10.05	 1.94	 0.01
279	 6.86	 4.66	 0.62
280	11.56	 3.76	 0.50
281	11.46	 3.06	 0.19
282	11.06	 1.25	 0.07
283	11.45	 2.14	 0.31
284	 7.25	 2.14	 0.07
285	 6.96	-0.64	 0.41
286	 6.86	-0.34	 0.30
287	 8.44	 0.66	 0.04
288	 8.76	 0.94	 0.31
289	 9.56	 4.56	 0.13
290	 8.64	 3.34	 0.32
291	 7.65	 0.25	 0.34
292	 8.26	 3.24	 0.54
293	 5.94	 1.24	 0.34
294	 7.24	-0.35	 0.02
295	 7.36	-0.34	 0.15
296	 6.04	 0.65	 0.11
297	 8.24	 3.34	 0.12
298	12.34	 5.64	 0.03
299	 9.94	 5.06	 0.65
300	 8.56	 4.24	 0.05
301	 8.25	 3.05	 0.13
302	13.26	 1.74	 0.00
303	 8.04	 2.75	 0.03
304	16.14	-0.26	 0.00
305	17.75	 7.84	 0.08
306	10.44	 6.44	 0.01
307	14.56	 2.66	 0.04
308	18.05	 5.96	 0.21
309	11.64	 4.26	 1.17
310	12.04	 4.44	 0.17
311	10.06	 2.26	 0.38
312	10.46	 3.94	 0.12
313	11.44	 4.14	 0.68
314	15.66	 2.05	 0.03
315	10.04	 5.14	 1.32
316	11.34	 4.46	 1.01
317	 7.04	 1.76	 0.28
318	10.86	-0.56	 0.00
319	13.74	 1.74	 0.00
320	12.35	 7.54	 0.88
321	11.05	 7.74	 0.55
322	10.75	 5.16	 0.15
323	 9.65	 2.55	 0.36
324	 8.46	 2.95	 0.16
325	12.04	 5.04	 0.11
326	 6.66	 0.96	 0.54
327	 7.46	 3.34	 1.30
328	 7.26	 0.74	 0.71
329	 9.26	 4.85	 0.25
330	11.36	 5.86	 0.05
331	 8.14	 3.94	 0.43
332	11.55	 3.06	 0.07
333	12.75	 4.46	 0.08
334	12.75	 8.56	 0.96
335	16.06	 9.46	 0.35
336	11.66	 5.26	 0.16
337	11.36	 4.56	 0.07
338	13.44	 6.66	 0.30
339	10.84	 6.26	 0.67
340	12.56	 4.95	 0.26
341	11.56	 3.34	 0.02
342	11.26	 5.84	 0.37
343	11.16	 5.44	 0.61
344	12.36	 1.16	 0.68
345	11.56	 5.05	 0.68
346	11.84	 5.35	 0.88
347	10.66	 4.94	 0.56
348	12.26	 3.65	 0.17
349	 9.34	 4.54	 0.38
350	12.54	 5.06	 0.24
351	 9.34	 6.46	 0.87
352	 9.76	 4.66	 0.16
353	11.75	 6.45	 0.27
354	11.55	 5.54	 0.89
355	 8.54	 5.54	 0.23
356	 9.14	 2.76	 0.36
357	 9.44	 4.26	 0.15
358	13.34	 3.74	 0.68
359	11.76	 3.94	 0.97
360	10.66	 4.55	 0.68
361	10.56	 5.05	 0.40
362	 8.26	 2.34	 0.47
363	 8.04	 4.04	 0.47
364	 9.36	 2.84	 0.30
365	15.66	 8.46	 0.21
366	15.45	 8.84	 0.10
